0.0
0.0
0.0
0.0
0.0
0.0
0.0
0.0
0.0
0.0
0.0
0.0
0.0
-0.93015909015179
-0.6177678492407026
-0.36953985811198997
-0.18547511676565098
-0.07483377277847515
-0.02257557391442341
-0.0065665957509402
-0.005228653578433432
-0.005892534667408903
-0.0035028399393593652
-7.855061238943629e-05
0.0006407989370422066
0.0008397300677950784
0.00035271551759715597
-0.00011482143737089372
-0.00011581199154421218
2.861830979671076e-05
6.796977074473963e-08
0.0
0.0
0.0
0.0
0.0
0.0
0.0
0.0
0.0
