0.0
0.0
0.0
0.0
0.0
0.0
0.0
0.0
0.0
0.0
0.0
0.0
-0.006097724783284519
-0.9070542839961956
-0.6233840037796994
-0.3943137410632632
-0.21984349584688664
-0.10608381528767258
-0.04387433705892077
-0.01739827519704027
-0.009094829837364302
-0.006265543681518833
-0.003449226983179958
-0.0003043996848815894
0.000669491677775076
0.0006887682394494902
0.00028082210096211444
4.9557597788016245e-05
-5.9707804701394436e-05
-3.527993263414328e-05
1.0823920020734497e-05
0.0
0.0
0.0
0.0
0.0
0.0
0.0
0.0
0.0
