0.0
0.0
-0.0002645240575667174
0.0
0.0
0.0
0.0
0.0
0.0
0.0
0.0
0.0
0.0
-0.9407386920245856
-0.6325342420198492
-0.3865615677959767
-0.20282066935296772
-0.08939468199076231
-0.03371634577545129
-0.015361630486979718
-0.012367695270519272
-0.01078843872691407
-0.006287261818414424
-0.0016123724106177064
-0.0006904017234217826
-0.0015737210953643956
-0.0026099836211668057
-0.002627689526105272
-0.0018114234587573652
-0.0008734345561584899
-0.00019132124332136929
0.00010165680890503743
0.00015878181576086634
0.00010042420923312254
-8.253454977243684e-06
-2.8737829757173404e-05
4.24040898650297e-06
4.291550807960018e-07
0.0
0.0
