0.0
0.0
0.0
0.0
0.0
0.0
0.0
0.0
0.0
0.0
0.0
0.0
-0.05189984930921554
-0.9976822637191878
-0.721893361200394
-0.49220255662447854
-0.30860984999144053
-0.17264265018430253
-0.08409776700716275
-0.03583112516839303
-0.015780839437155275
-0.00993068818530057
-0.007974382583007847
-0.004954245583991511
-0.002105167020619631
-3.915555228687105e-05
0.0007798000791292977
0.000646387032498291
0.00014199881200216522
-9.645519837349562e-05
-6.0650879302493e-05
1.7118970374533193e-05
0.0
0.0
0.0
0.0
0.0
0.0
0.0
0.0
