-0.0017893392865317992
0.0
0.0
0.0
0.0
0.0
0.0
0.0
0.0
0.0
0.0
0.0
-0.014403959704893055
-0.9178651478289875
-0.6083789493392147
-0.363031765661484
-0.18182359679579474
-0.0743378822980636
-0.024762979893228416
-0.01137006282436564
-0.01197960649061108
-0.013762054382589775
-0.012754750994223603
-0.008479883547685158
-0.0047663679998207475
-0.0013993657709625562
0.00034365227495064494
0.00034506455487925546
-0.001579138567833
-0.0032566628833155427
-0.0037300813438732277
-0.0030021605882443944
-0.0017447958423635096
-0.0003850582798646567
0.0002290076401868941
0.0003249901634677468
0.00014510102488409657
-2.487446140870228e-05
-4.974892281740455e-05
1.1055316181645458e-05
