0.0
0.0
0.0
0.0
0.0
0.0
0.0
0.0
0.0
0.0
0.0
0.0
0.0
-0.8863172915901871
-0.6172293573892667
-0.3980989091447739
-0.22892594685670853
-0.11405059944115278
-0.04791964367485756
-0.017695150356013795
-0.007625703343660309
-0.0048789594788884345
-0.0030772979194934906
-0.0005207476509213454
0.0003750710104274846
0.0003996502080451675
0.0002628816271114565
0.00016843056456423218
-2.4191052694725217e-05
-7.214535496620343e-05
1.65414454513509e-05
0.0
0.0
0.0
0.0
0.0
0.0
0.0
0.0
0.0
