-2.680857896804809570e+00 -2.550542116165161133e+00 -2.436776161193847656e+00 -2.341579675674438477e+00 -2.263998746871948242e+00 -2.207819461822509766e+00 -2.174481153488159180e+00 -2.163134098052978516e+00 -2.171916007995605469e+00 -2.197906255722045898e+00 -2.234637260437011719e+00 -2.275533914566040039e+00 -2.313497781753540039e+00 -2.340355157852172852e+00 -2.351069211959838867e+00 -2.342875957489013672e+00 -2.314090490341186523e+00 -2.265773057937622070e+00 -2.202163696289062500e+00 -2.128377199172973633e+00
-2.557667732238769531e+00 -2.440573215484619141e+00 -2.339814424514770508e+00 -2.256829023361206055e+00 -2.190593719482421875e+00 -2.144768238067626953e+00 -2.120547056198120117e+00 -2.117178440093994141e+00 -2.132896184921264648e+00 -2.164839744567871094e+00 -2.207215309143066406e+00 -2.253743648529052734e+00 -2.297329425811767578e+00 -2.330154895782470703e+00 -2.347704887390136719e+00 -2.347206830978393555e+00 -2.326861381530761719e+00 -2.287979602813720703e+00 -2.234447717666625977e+00 -2.170905113220214844e+00
-2.481750965118408203e+00 -2.366790533065795898e+00 -2.267793178558349609e+00 -2.186227560043334961e+00 -2.121381521224975586e+00 -2.076575279235839844e+00 -2.053031206130981445e+00 -2.050108909606933594e+00 -2.066152572631835938e+00 -2.098496675491333008e+00 -2.141488313674926758e+00 -2.188919305801391602e+00 -2.233958721160888672e+00 -2.268846035003662109e+00 -2.289079189300537109e+00 -2.291821956634521484e+00 -2.275505542755126953e+00 -2.241345643997192383e+00 -2.193180561065673828e+00 -2.135690450668334961e+00
-2.410221338272094727e+00 -2.298372030258178711e+00 -2.202929496765136719e+00 -2.125470876693725586e+00 -2.064961433410644531e+00 -2.024130105972290039e+00 -2.004185676574707031e+00 -2.004088401794433594e+00 -2.021716117858886719e+00 -2.054574966430664062e+00 -2.097616672515869141e+00 -2.144707202911376953e+00 -2.189254522323608398e+00 -2.223751306533813477e+00 -2.244054794311523438e+00 -2.247326374053955078e+00 -2.232107162475585938e+00 -2.199586868286132812e+00 -2.153544187545776367e+00 -2.098826646804809570e+00
-2.232460260391235352e+00 -2.131761789321899414e+00 -2.048488616943359375e+00 -1.983613610267639160e+00 -1.935591340065002441e+00 -1.905965805053710938e+00 -1.895388245582580566e+00 -1.902322888374328613e+00 -1.924255728721618652e+00 -1.959004521369934082e+00 -2.002931118011474609e+00 -2.050591945648193359e+00 -2.095875263214111328e+00 -2.132004261016845703e+00 -2.155478954315185547e+00 -2.163548707962036133e+00 -2.154819726943969727e+00 -2.130573987960815430e+00 -2.094071388244628906e+00 -2.050054550170898438e+00
-2.086210489273071289e+00 -1.997551560401916504e+00 -1.926785945892333984e+00 -1.874078273773193359e+00 -1.837828636169433594e+00 -1.818540453910827637e+00 -1.815696597099304199e+00 -1.827499866485595703e+00 -1.851471662521362305e+00 -1.885419487953186035e+00 -1.926837921142578125e+00 -1.971230030059814453e+00 -2.013279676437377930e+00 -2.047356843948364258e+00 -2.071003198623657227e+00 -2.081782341003417969e+00 -2.078263998031616211e+00 -2.061875820159912109e+00 -2.035269737243652344e+00 -2.002273321151733398e+00
-2.193188905715942383e+00 -2.103567600250244141e+00 -2.032704830169677734e+00 -1.980558395385742188e+00 -1.944679379463195801e+00 -1.925147175788879395e+00 -1.922001481056213379e+00 -1.933248877525329590e+00 -1.955378293991088867e+00 -1.986514329910278320e+00 -2.025215864181518555e+00 -2.067182064056396484e+00 -2.107239484786987305e+00 -2.139967679977416992e+00 -2.162805795669555664e+00 -2.173415660858154297e+00 -2.170609474182128906e+00 -2.155030250549316406e+00 -2.128797292709350586e+00 -2.096920013427734375e+00
-2.371639966964721680e+00 -2.270806312561035156e+00 -2.191787958145141602e+00 -2.134262800216674805e+00 -2.093827009201049805e+00 -2.070448398590087891e+00 -2.064751148223876953e+00 -2.073745489120483398e+00 -2.091658830642700195e+00 -2.116594552993774414e+00 -2.148618459701538086e+00 -2.183557987213134766e+00 -2.215884447097778320e+00 -2.240583658218383789e+00 -2.255643367767333984e+00 -2.259146928787231445e+00 -2.249771833419799805e+00 -2.227650165557861328e+00 -2.193773508071899414e+00 -2.154289960861206055e+00
-2.583770036697387695e+00 -2.462207555770874023e+00 -2.364430427551269531e+00 -2.290142774581909180e+00 -2.234474420547485352e+00 -2.197144985198974609e+00 -2.178771734237670898e+00 -2.175978660583496094e+00 -2.182247161865234375e+00 -2.195689678192138672e+00 -2.216940641403198242e+00 -2.242130041122436523e+00 -2.265734672546386719e+00 -2.282568454742431641e+00 -2.290145397186279297e+00 -2.286228895187377930e+00 -2.269047498703002930e+00 -2.238023996353149414e+00 -2.193808555603027344e+00 -2.143496990203857422e+00
-2.794616460800170898e+00 -2.662981271743774414e+00 -2.556377172470092773e+00 -2.474223136901855469e+00 -2.410897731781005859e+00 -2.366285324096679688e+00 -2.340965986251831055e+00 -2.331411361694335938e+00 -2.330477952957153320e+00 -2.336225509643554688e+00 -2.349774360656738281e+00 -2.367655515670776367e+00 -2.384767293930053711e+00 -2.396209955215454102e+00 -2.399348020553588867e+00 -2.392287492752075195e+00 -2.373021841049194336e+00 -2.340215206146240234e+00 -2.293823003768920898e+00 -2.241320371627807617e+00
-2.844078302383422852e+00 -2.707446575164794922e+00 -2.596824645996093750e+00 -2.511538505554199219e+00 -2.444503307342529297e+00 -2.396343708038330078e+00 -2.369351148605346680e+00 -2.360049486160278320e+00 -2.359725475311279297e+00 -2.366919040679931641e+00 -2.383373498916625977e+00 -2.405271530151367188e+00 -2.427155256271362305e+00 -2.443769931793212891e+00 -2.452328443527221680e+00 -2.451231479644775391e+00 -2.438656091690063477e+00 -2.412319183349609375e+00 -2.371531009674072266e+00 -2.325398206710815430e+00
-2.887150526046752930e+00 -2.746036767959594727e+00 -2.631895065307617188e+00 -2.543871402740478516e+00 -2.474023103713989258e+00 -2.423173189163208008e+00 -2.394212961196899414e+00 -2.383644104003906250e+00 -2.382137775421142578e+00 -2.388780832290649414e+00 -2.405893564224243164e+00 -2.429859876632690430e+00 -2.455343723297119141e+00 -2.477073907852172852e+00 -2.491884946823120117e+00 -2.498019456863403320e+00 -2.493448019027709961e+00 -2.474920272827148438e+00 -2.441175460815429688e+00 -2.401846885681152344e+00
-2.767340898513793945e+00 -2.629806756973266602e+00 -2.519135951995849609e+00 -2.434420585632324219e+00 -2.367457866668701172e+00 -2.319836616516113281e+00 -2.295258522033691406e+00 -2.290512084960937500e+00 -2.296178340911865234e+00 -2.311555624008178711e+00 -2.338652610778808594e+00 -2.373350620269775391e+00 -2.410361289978027344e+00 -2.444134950637817383e+00 -2.471235752105712891e+00 -2.489967823028564453e+00 -2.498228788375854492e+00 -2.492496967315673828e+00 -2.471452713012695312e+00 -2.444790124893188477e+00
-2.621230363845825195e+00 -2.496769666671752930e+00 -2.399463415145874023e+00 -2.327724933624267578e+00 -2.272524595260620117e+00 -2.236201047897338867e+00 -2.223035335540771484e+00 -2.229999780654907227e+00 -2.247555494308471680e+00 -2.275268077850341797e+00 -2.315491676330566406e+00 -2.363905668258666992e+00 -2.415061235427856445e+00 -2.463324546813964844e+00 -2.505434513092041016e+00 -2.539622545242309570e+00 -2.563296794891357422e+00 -2.572813034057617188e+00 -2.566464662551879883e+00 -2.553639411926269531e+00
-2.401939153671264648e+00 -2.292871952056884766e+00 -2.209632635116577148e+00 -2.150462865829467773e+00 -2.106132268905639648e+00 -2.080167531967163086e+00 -2.078158140182495117e+00 -2.097407579421997070e+00 -2.128183603286743164e+00 -2.170282363891601562e+00 -2.226264715194702148e+00 -2.290977954864501953e+00 -2.358289241790771484e+00 -2.422563076019287109e+00 -2.480920791625976562e+00 -2.531557798385620117e+00 -2.571862459182739258e+00 -2.598652362823486328e+00 -2.609806060791015625e+00 -2.614122867584228516e+00
-2.114833116531372070e+00 -2.013460159301757812e+00 -1.936133503913879395e+00 -1.881556510925292969e+00 -1.840712547302246094e+00 -1.817976117134094238e+00 -1.819986224174499512e+00 -1.844364643096923828e+00 -1.881169319152832031e+00 -1.930640220642089844e+00 -1.996187686920166016e+00 -2.072319746017456055e+00 -2.152787208557128906e+00 -2.232232570648193359e+00 -2.307794332504272461e+00 -2.377160787582397461e+00 -2.437020063400268555e+00 -2.483590364456176758e+00 -2.513793230056762695e+00 -2.535787105560302734e+00
-1.682668328285217285e+00 -1.588585853576660156e+00 -1.517629742622375488e+00 -1.468680143356323242e+00 -1.432935714721679688e+00 -1.415078520774841309e+00 -1.422451615333557129e+00 -1.452589511871337891e+00 -1.495341777801513672e+00 -1.551419019699096680e+00 -1.625389456748962402e+00 -1.711788177490234375e+00 -1.804285883903503418e+00 -1.897724986076354980e+00 -1.989206910133361816e+00 -2.075690984725952148e+00 -2.153109073638916016e+00 -2.217370748519897461e+00 -2.264781713485717773e+00 -2.303106784820556641e+00
-1.187829852104187012e+00 -1.105755567550659180e+00 -1.044446706771850586e+00 -1.002834439277648926e+00 -9.737586975097656250e-01 -9.617341160774230957e-01 -9.729505181312561035e-01 -1.005107164382934570e+00 -1.049543738365173340e+00 -1.107009887695312500e+00 -1.183199882507324219e+00 -1.273437023162841797e+00 -1.372291564941406250e+00 -1.475830793380737305e+00 -1.582061290740966797e+00 -1.687156081199645996e+00 -1.785567879676818848e+00 -1.873483061790466309e+00 -1.945989727973937988e+00 -2.007540941238403320e+00
-1.019378542900085449e+00 -9.372437000274658203e-01 -8.710352182388305664e-01 -8.207426667213439941e-01 -7.821092605590820312e-01 -7.591989040374755859e-01 -7.577978968620300293e-01 -7.768493294715881348e-01 -8.104500174522399902e-01 -8.599874377250671387e-01 -9.312584996223449707e-01 -1.020181059837341309e+00 -1.122823238372802734e+00 -1.235384464263916016e+00 -1.354889869689941406e+00 -1.476040840148925781e+00 -1.592334866523742676e+00 -1.699013948440551758e+00 -1.790660381317138672e+00 -1.869646191596984863e+00
-8.848515152931213379e-01 -7.943868637084960938e-01 -7.178228497505187988e-01 -6.557285785675048828e-01 -6.056155562400817871e-01 -5.702219605445861816e-01 -5.542795062065124512e-01 -5.570513606071472168e-01 -5.741804242134094238e-01 -6.075138449668884277e-01 -6.632657647132873535e-01 -7.388508915901184082e-01 -8.322579264640808105e-01 -9.400345683097839355e-01 -1.058811426162719727e+00 -1.182411074638366699e+00 -1.303624510765075684e+00 -1.416428685188293457e+00 -1.514844536781311035e+00 -1.599966287612915039e+00
-6.395540833473205566e-01 -5.317006111145019531e-01 -4.336145222187042236e-01 -3.469834327697753906e-01 -2.736640274524688721e-01 -2.132111787796020508e-01 -1.669483929872512817e-01 -1.351430565118789673e-01 -1.174043789505958557e-01 -1.162867024540901184e-01 -1.379134058952331543e-01 -1.828763782978057861e-01 -2.525011599063873291e-01 -3.438130319118499756e-01 -4.517940282821655273e-01 -5.685552954673767090e-01 -6.858437061309814453e-01 -7.956604361534118652e-01 -8.921218514442443848e-01 -9.746650457382202148e-01
-7.771102190017700195e-01 -6.696673631668090820e-01 -5.690019130706787109e-01 -4.771661162376403809e-01 -3.988002836704254150e-01 -3.313566744327545166e-01 -2.728244960308074951e-01 -2.237033545970916748e-01 -1.866149157285690308e-01 -1.636159867048263550e-01 -1.596181392669677734e-01 -1.769990473985671997e-01 -2.192484140396118164e-01 -2.843979597091674805e-01 -3.673208653926849365e-01 -4.603258967399597168e-01 -5.555725693702697754e-01 -6.456784605979919434e-01 -7.256497740745544434e-01 -7.926612496376037598e-01
-8.617430329322814941e-01 -7.448374629020690918e-01 -6.325534582138061523e-01 -5.276252627372741699e-01 -4.358058571815490723e-01 -3.538381159305572510e-01 -2.795833945274353027e-01 -2.141302376985549927e-01 -1.612950116395950317e-01 -1.234894692897796631e-01 -1.050033122301101685e-01 -1.086906120181083679e-01 -1.390456557273864746e-01 -1.936390697956085205e-01 -2.666853070259094238e-01 -3.501671552658081055e-01 -4.363867342472076416e-01 -5.172984600067138672e-01 -5.883842706680297852e-01 -6.471654772758483887e-01
