-2.174481153488159180e+00 -2.163134098052978516e+00 -2.171916007995605469e+00 -2.197906255722045898e+00 -2.234637260437011719e+00 -2.275533914566040039e+00 -2.313497781753540039e+00 -2.340355157852172852e+00 -2.351069211959838867e+00 -2.342875957489013672e+00 -2.314090490341186523e+00 -2.265773057937622070e+00 -2.202163696289062500e+00 -2.128377199172973633e+00 -2.048394680023193359e+00 -1.967997908592224121e+00 -1.893119692802429199e+00 -1.828008532524108887e+00 -1.775076985359191895e+00 -1.732693910598754883e+00
-2.120547056198120117e+00 -2.117178440093994141e+00 -2.132896184921264648e+00 -2.164839744567871094e+00 -2.207215309143066406e+00 -2.253743648529052734e+00 -2.297329425811767578e+00 -2.330154895782470703e+00 -2.347704887390136719e+00 -2.347206830978393555e+00 -2.326861381530761719e+00 -2.287979602813720703e+00 -2.234447717666625977e+00 -2.170905113220214844e+00 -2.101314067840576172e+00 -2.030989646911621094e+00 -1.965629935264587402e+00 -1.909500241279602051e+00 -1.864974379539489746e+00 -1.830258011817932129e+00
-2.053031206130981445e+00 -2.050108909606933594e+00 -2.066152572631835938e+00 -2.098496675491333008e+00 -2.141488313674926758e+00 -2.188919305801391602e+00 -2.233958721160888672e+00 -2.268846035003662109e+00 -2.289079189300537109e+00 -2.291821956634521484e+00 -2.275505542755126953e+00 -2.241345643997192383e+00 -2.193180561065673828e+00 -2.135690450668334961e+00 -2.072754859924316406e+00 -2.009501695632934570e+00 -1.951565861701965332e+00 -1.903109908103942871e+00 -1.866481423377990723e+00 -1.840221524238586426e+00
-2.004185676574707031e+00 -2.004088401794433594e+00 -2.021716117858886719e+00 -2.054574966430664062e+00 -2.097616672515869141e+00 -2.144707202911376953e+00 -2.189254522323608398e+00 -2.223751306533813477e+00 -2.244054794311523438e+00 -2.247326374053955078e+00 -2.232107162475585938e+00 -2.199586868286132812e+00 -2.153544187545776367e+00 -2.098826646804809570e+00 -2.039449691772460938e+00 -1.980126380920410156e+00 -1.926870107650756836e+00 -1.884182333946228027e+00 -1.854264855384826660e+00 -1.835706353187561035e+00
-1.895388245582580566e+00 -1.902322888374328613e+00 -1.924255728721618652e+00 -1.959004521369934082e+00 -2.002931118011474609e+00 -2.050591945648193359e+00 -2.095875263214111328e+00 -2.132004261016845703e+00 -2.155478954315185547e+00 -2.163548707962036133e+00 -2.154819726943969727e+00 -2.130573987960815430e+00 -2.094071388244628906e+00 -2.050054550170898438e+00 -2.002564191818237305e+00 -1.955277085304260254e+00 -1.914100527763366699e+00 -1.883707404136657715e+00 -1.865988254547119141e+00 -1.859485030174255371e+00
-1.815696597099304199e+00 -1.827499866485595703e+00 -1.851471662521362305e+00 -1.885419487953186035e+00 -1.926837921142578125e+00 -1.971230030059814453e+00 -2.013279676437377930e+00 -2.047356843948364258e+00 -2.071003198623657227e+00 -2.081782341003417969e+00 -2.078263998031616211e+00 -2.061875820159912109e+00 -2.035269737243652344e+00 -2.002273321151733398e+00 -1.966696619987487793e+00 -1.931634426116943359e+00 -1.902255177497863770e+00 -1.882856965065002441e+00 -1.875112652778625488e+00 -1.877665996551513672e+00
-1.922001481056213379e+00 -1.933248877525329590e+00 -1.955378293991088867e+00 -1.986514329910278320e+00 -2.025215864181518555e+00 -2.067182064056396484e+00 -2.107239484786987305e+00 -2.139967679977416992e+00 -2.162805795669555664e+00 -2.173415660858154297e+00 -2.170609474182128906e+00 -2.155030250549316406e+00 -2.128797292709350586e+00 -2.096920013427734375e+00 -2.062825918197631836e+00 -2.027751684188842773e+00 -1.997666716575622559e+00 -1.978160858154296875e+00 -1.970573306083679199e+00 -1.973585009574890137e+00
-2.064751148223876953e+00 -2.073745489120483398e+00 -2.091658830642700195e+00 -2.116594552993774414e+00 -2.148618459701538086e+00 -2.183557987213134766e+00 -2.215884447097778320e+00 -2.240583658218383789e+00 -2.255643367767333984e+00 -2.259146928787231445e+00 -2.249771833419799805e+00 -2.227650165557861328e+00 -2.193773508071899414e+00 -2.154289960861206055e+00 -2.112305879592895508e+00 -2.066758632659912109e+00 -2.024987459182739258e+00 -1.994851112365722656e+00 -1.977310180664062500e+00 -1.970104336738586426e+00
-2.178771734237670898e+00 -2.175978660583496094e+00 -2.182247161865234375e+00 -2.195689678192138672e+00 -2.216940641403198242e+00 -2.242130041122436523e+00 -2.265734672546386719e+00 -2.282568454742431641e+00 -2.290145397186279297e+00 -2.286228895187377930e+00 -2.269047498703002930e+00 -2.238023996353149414e+00 -2.193808555603027344e+00 -2.143496990203857422e+00 -2.090424537658691406e+00 -2.032864570617675781e+00 -1.978849411010742188e+00 -1.937261223793029785e+00 -1.908938527107238770e+00 -1.891554951667785645e+00
-2.340965986251831055e+00 -2.331411361694335938e+00 -2.330477952957153320e+00 -2.336225509643554688e+00 -2.349774360656738281e+00 -2.367655515670776367e+00 -2.384767293930053711e+00 -2.396209955215454102e+00 -2.399348020553588867e+00 -2.392287492752075195e+00 -2.373021841049194336e+00 -2.340215206146240234e+00 -2.293823003768920898e+00 -2.241320371627807617e+00 -2.185564279556274414e+00 -2.123855829238891602e+00 -2.064411401748657227e+00 -2.016671657562255859e+00 -1.981213808059692383e+00 -1.955117583274841309e+00
-2.369351148605346680e+00 -2.360049486160278320e+00 -2.359725475311279297e+00 -2.366919040679931641e+00 -2.383373498916625977e+00 -2.405271530151367188e+00 -2.427155256271362305e+00 -2.443769931793212891e+00 -2.452328443527221680e+00 -2.451231479644775391e+00 -2.438656091690063477e+00 -2.412319183349609375e+00 -2.371531009674072266e+00 -2.325398206710815430e+00 -2.275772094726562500e+00 -2.217701196670532227e+00 -2.160558462142944336e+00 -2.115539550781250000e+00 -2.082591533660888672e+00 -2.058108091354370117e+00
-2.394212961196899414e+00 -2.383644104003906250e+00 -2.382137775421142578e+00 -2.388780832290649414e+00 -2.405893564224243164e+00 -2.429859876632690430e+00 -2.455343723297119141e+00 -2.477073907852172852e+00 -2.491884946823120117e+00 -2.498019456863403320e+00 -2.493448019027709961e+00 -2.474920272827148438e+00 -2.441175460815429688e+00 -2.401846885681152344e+00 -2.358198165893554688e+00 -2.304156541824340820e+00 -2.249424934387207031e+00 -2.206233501434326172e+00 -2.174261093139648438e+00 -2.149586439132690430e+00
-2.295258522033691406e+00 -2.290512084960937500e+00 -2.296178340911865234e+00 -2.311555624008178711e+00 -2.338652610778808594e+00 -2.373350620269775391e+00 -2.410361289978027344e+00 -2.444134950637817383e+00 -2.471235752105712891e+00 -2.489967823028564453e+00 -2.498228788375854492e+00 -2.492496967315673828e+00 -2.471452713012695312e+00 -2.444790124893188477e+00 -2.413059711456298828e+00 -2.369792938232421875e+00 -2.324622392654418945e+00 -2.289727926254272461e+00 -2.264441728591918945e+00 -2.244411706924438477e+00
-2.223035335540771484e+00 -2.229999780654907227e+00 -2.247555494308471680e+00 -2.275268077850341797e+00 -2.315491676330566406e+00 -2.363905668258666992e+00 -2.415061235427856445e+00 -2.463324546813964844e+00 -2.505434513092041016e+00 -2.539622545242309570e+00 -2.563296794891357422e+00 -2.572813034057617188e+00 -2.566464662551879883e+00 -2.553639411926269531e+00 -2.534329652786254883e+00 -2.501373529434204102e+00 -2.464208841323852539e+00 -2.435342311859130859e+00 -2.413708448410034180e+00 -2.394224166870117188e+00
-2.078158140182495117e+00 -2.097407579421997070e+00 -2.128183603286743164e+00 -2.170282363891601562e+00 -2.226264715194702148e+00 -2.290977954864501953e+00 -2.358289241790771484e+00 -2.422563076019287109e+00 -2.480920791625976562e+00 -2.531557798385620117e+00 -2.571862459182739258e+00 -2.598652362823486328e+00 -2.609806060791015625e+00 -2.614122867584228516e+00 -2.610680818557739258e+00 -2.591351032257080078e+00 -2.565229654312133789e+00 -2.545099735260009766e+00 -2.529278278350830078e+00 -2.512243270874023438e+00
-1.819986224174499512e+00 -1.844364643096923828e+00 -1.881169319152832031e+00 -1.930640220642089844e+00 -1.996187686920166016e+00 -2.072319746017456055e+00 -2.152787208557128906e+00 -2.232232570648193359e+00 -2.307794332504272461e+00 -2.377160787582397461e+00 -2.437020063400268555e+00 -2.483590364456176758e+00 -2.513793230056762695e+00 -2.535787105560302734e+00 -2.548044204711914062e+00 -2.541558027267456055e+00 -2.525562524795532227e+00 -2.513598680496215820e+00 -2.504078149795532227e+00 -2.491295576095581055e+00
-1.422451615333557129e+00 -1.452589511871337891e+00 -1.495341777801513672e+00 -1.551419019699096680e+00 -1.625389456748962402e+00 -1.711788177490234375e+00 -1.804285883903503418e+00 -1.897724986076354980e+00 -1.989206910133361816e+00 -2.075690984725952148e+00 -2.153109073638916016e+00 -2.217370748519897461e+00 -2.264781713485717773e+00 -2.303106784820556641e+00 -2.330788850784301758e+00 -2.338115692138671875e+00 -2.334361076354980469e+00 -2.333668947219848633e+00 -2.334386348724365234e+00 -2.330443143844604492e+00
-9.729505181312561035e-01 -1.005107164382934570e+00 -1.049543738365173340e+00 -1.107009887695312500e+00 -1.183199882507324219e+00 -1.273437023162841797e+00 -1.372291564941406250e+00 -1.475830793380737305e+00 -1.582061290740966797e+00 -1.687156081199645996e+00 -1.785567879676818848e+00 -1.873483061790466309e+00 -1.945989727973937988e+00 -2.007540941238403320e+00 -2.056653261184692383e+00 -2.084547996520996094e+00 -2.098693609237670898e+00 -2.111709356307983398e+00 -2.122251033782958984e+00 -2.124158859252929688e+00
-7.577978968620300293e-01 -7.768493294715881348e-01 -8.104500174522399902e-01 -8.599874377250671387e-01 -9.312584996223449707e-01 -1.020181059837341309e+00 -1.122823238372802734e+00 -1.235384464263916016e+00 -1.354889869689941406e+00 -1.476040840148925781e+00 -1.592334866523742676e+00 -1.699013948440551758e+00 -1.790660381317138672e+00 -1.869646191596984863e+00 -1.934753179550170898e+00 -1.978542089462280273e+00 -2.006951332092285156e+00 -2.030437469482421875e+00 -2.048275947570800781e+00 -2.055492877960205078e+00
-5.542795062065124512e-01 -5.570513606071472168e-01 -5.741804242134094238e-01 -6.075138449668884277e-01 -6.632657647132873535e-01 -7.388508915901184082e-01 -8.322579264640808105e-01 -9.400345683097839355e-01 -1.058811426162719727e+00 -1.182411074638366699e+00 -1.303624510765075684e+00 -1.416428685188293457e+00 -1.514844536781311035e+00 -1.599966287612915039e+00 -1.671214699745178223e+00 -1.722216844558715820e+00 -1.758124113082885742e+00 -1.788067460060119629e+00 -1.812264680862426758e+00 -1.826297163963317871e+00
-1.669483929872512817e-01 -1.351430565118789673e-01 -1.174043789505958557e-01 -1.162867024540901184e-01 -1.379134058952331543e-01 -1.828763782978057861e-01 -2.525011599063873291e-01 -3.438130319118499756e-01 -4.517940282821655273e-01 -5.685552954673767090e-01 -6.858437061309814453e-01 -7.956604361534118652e-01 -8.921218514442443848e-01 -9.746650457382202148e-01 -1.044668555259704590e+00 -1.099438309669494629e+00 -1.142353653907775879e+00 -1.179211258888244629e+00 -1.212550044059753418e+00 -1.240668296813964844e+00
-2.728244960308074951e-01 -2.237033545970916748e-01 -1.866149157285690308e-01 -1.636159867048263550e-01 -1.596181392669677734e-01 -1.769990473985671997e-01 -2.192484140396118164e-01 -2.843979597091674805e-01 -3.673208653926849365e-01 -4.603258967399597168e-01 -5.555725693702697754e-01 -6.456784605979919434e-01 -7.256497740745544434e-01 -7.926612496376037598e-01 -8.492136597633361816e-01 -8.960373401641845703e-01 -9.341370463371276855e-01 -9.653685688972473145e-01 -9.931961297988891602e-01 -1.017533183097839355e+00
-2.795833945274353027e-01 -2.141302376985549927e-01 -1.612950116395950317e-01 -1.234894692897796631e-01 -1.050033122301101685e-01 -1.086906120181083679e-01 -1.390456557273864746e-01 -1.936390697956085205e-01 -2.666853070259094238e-01 -3.501671552658081055e-01 -4.363867342472076416e-01 -5.172984600067138672e-01 -5.883842706680297852e-01 -6.471654772758483887e-01 -6.965520977973937988e-01 -7.382270097732543945e-01 -7.729287147521972656e-01 -8.012972474098205566e-01 -8.270710110664367676e-01 -8.510047793388366699e-01
