-0.63957993 -0.47228468 0.04868371
0.69114667 -0.85582952 -0.18713870
0.01427145 0.51017706 0.32717280
0.69372389 0.53895542 0.83492952
-0.77804068 0.09121089 0.46529450
-0.42995991 -0.19066947 -0.94253331
0.20865246 0.81633921 -0.34141654
0.53238429 -0.94827133 0.26883778
-0.35849384 0.97558893 0.45745551
0.36884227 0.12024928 -0.37188795
-0.96948042 -0.78208448 0.39352733
-0.56178027 -0.72619625 -0.12187997
0.88956304 -0.87712692 0.28566459
0.90985949 0.55020365 0.47535637
0.83377491 0.07324690 -0.00929413
0.67487796 0.83837998 0.41331991
0.84428186 0.86749444 0.89379135
0.37454341 0.28589477 0.25463697
-0.75519196 -0.13696580 -0.63787247
0.22935105 -0.45032745 -0.95475524
0.41198581 0.85390525 0.60645933
-0.57349851 0.88255725 0.62291426
0.95006757 -0.57403052 -0.88209780
-0.76301112 0.50575464 0.23055498
-0.29074836 0.07599740 -0.42648879
0.86449585 -0.10632092 0.60131263
0.77877482 0.09124139 -0.41544025
0.72403361 -0.71051035 0.88974333
-0.74273449 0.07785626 -0.63270280
-0.64971524 -0.63584769 0.07898098
-0.56441182 0.64245004 0.57167315
-0.77160251 0.79954672 0.13970755
-0.89879901 0.24653069 0.32316484
0.34387744 0.49071041 0.85172859
0.14444386 -0.82418005 -0.16881246
-0.97024534 0.00129680 -0.68983448
-0.50157843 0.20185820 -0.52707485
-0.46830127 0.51149229 -0.27063435
0.52970597 -0.38403037 -0.99429010
0.69829997 -0.90175574 -0.06594397
0.47265499 -0.97369334 0.40496602
-0.83360185 -0.53447944 -0.93824179
-0.66950045 0.21896402 0.85304588
-0.17181543 0.99405407 0.54589637
-0.95882261 -0.94575006 -0.09622760
-0.94571358 0.83145312 0.07733952
-0.06549766 -0.07773715 -0.94682985
-0.72045031 -0.22111088 0.11408362
-0.13823598 -0.48769534 -0.18347923
-0.80506550 -0.42207245 0.04992134
-0.08183820 0.64962772 -0.99155833
-0.16574768 0.97288892 0.94190438
0.20692542 -0.84862431 -0.20336258
-0.00431823 -0.55281227 0.09450681
0.17509813 -0.90943789 0.09387660
-0.83463476 0.75598761 0.60943242
-0.69741570 0.07555533 -0.18017571
-0.32649107 -0.32633231 -0.62975471
-0.31685177 0.89805272 0.93196676
0.38560416 0.18244610 -0.91402274
-0.48665258 0.23929857 -0.10733978
0.17070697 -0.65506461 -0.58590610
-0.78678330 -0.22572100 -0.90927355
0.36203660 -0.63938814 -0.25831342
-0.49314119 -0.59424934 0.24766463
-0.27500370 -0.47398429 -0.37094390
0.21164476 0.17782100 -0.27466773
0.94692356 0.02011503 -0.67397946
-0.41005720 -0.25882788 -0.33299624
-0.97968565 -0.76383774 -0.97266753
-0.50801258 0.92139823 0.19833155
0.50799295 -0.72234490 0.81818224
-0.53955868 0.39862057 -0.71410652
0.37175449 0.03202080 -0.98752074
-0.29330919 0.78391837 0.03459764
-0.63395652 -0.06027985 -0.88559282
0.71732899 0.01696234 -0.57962703
-0.81135041 0.66661933 0.25698855
-0.44781460 -0.25039235 -0.98741651
-0.52348586 -0.10887989 0.28885599
-0.95685744 -0.47881749 -0.85555145
-0.14402797 -0.62982779 -0.33748575
0.14124624 0.21876999 -0.97876885
-0.50354881 -0.26724434 -0.50235896
0.73797962 -0.68670616 -0.53599581
0.99880810 -0.47586554 -0.95190994
-0.79815480 0.80974293 0.22680857
0.56744038 0.70022776 -0.88424549
0.14303345 0.41463491 0.74121265
-0.47764758 -0.68452562 0.37566682
0.97447223 -0.67590343 0.22811087
-0.05320383 -0.81198981 -0.40492222
0.09865467 0.66998835 0.05912253
0.59657888 0.63457370 -0.58815821
-0.46632804 0.19990421 -0.26692568
-0.35293663 0.99176991 -0.40185584
-0.42084948 -0.58564260 -0.12131230
-0.24061862 0.38811036 0.17306211
0.15402956 -0.28912714 -0.80461318
0.18598424 0.59577872 0.64609274
-0.48257042 -0.94737857 -0.23968965
0.95715563 0.51911014 0.49588415
-0.50488627 0.02882900 0.53113588
-0.15187764 -0.51161284 -0.82229203
0.30822564 -0.15444173 0.53308295
0.91793514 0.32073395 -0.62289475
0.83979220 -0.08460594 -0.45277254
0.65581938 -0.24065624 0.37515655
0.21929423 -0.58964031 0.10109420
0.65930577 0.52946884 -0.77983919
0.14045349 0.77968621 0.03250179
-0.97473341 -0.93366494 0.77081751
0.58774533 -0.64901406 0.09783100
-0.79006727 0.40729271 -0.94147591
0.68812489 -0.22893690 0.84864160
-0.45511608 -0.35690693 -0.84533945
-0.46174898 0.05525377 -0.27217953
-0.65553157 -0.91209308 -0.05478681
0.54510980 0.64446706 0.32056506
0.57050681 0.63832791 -0.16351046
0.90510676 0.94449752 -0.12793778
-0.14958071 -0.96990790 -0.51939297
-0.26829967 -0.33279609 -0.38184567
0.67202079 0.02430455 -0.34137260
0.41717995 0.41633804 -0.71623793
-0.72432777 -0.10705996 -0.23066267
0.02281261 0.28802278 -0.95114158
-0.93122288 0.63029145 -0.88089788
-0.78293087 0.77260212 -0.69363358
-0.04390149 -0.97307756 -0.29931361
-0.42634971 0.62679859 -0.70967681
0.27962686 0.48903524 -0.35007695
-0.47930172 -0.32875177 -0.30703844 