-0.97981588 -0.40129591 -0.86923919
0.54446049 -0.86394328 -0.39936152
-0.58266479 0.55432701 0.60090029
0.54426786 0.99599980 -0.85344735
-0.56935644 0.04349876 -0.68790937
0.90111050 -0.42954371 0.79591181
-0.35370496 0.77215591 0.95286268
0.04748976 -0.29402099 -0.21526054
0.46077756 -0.53042707 -0.86740247
-0.73769470 -0.68655835 -0.05373809
-0.62767394 -0.11323255 -0.59826912
0.86956675 -0.33153477 0.91143408
0.25332217 -0.62251250 0.82736785
-0.11125414 -0.62807796 0.10644846
0.24098397 -0.29252717 0.96099860
-0.10821950 -0.10001616 0.26156616
-0.51503828 -0.99739692 -0.29727537
-0.34314079 0.49503297 -0.99478918
0.62832609 0.34245103 -0.63815195
-0.81740623 0.93276412 -0.77670308
0.63473407 -0.35739706 0.05633939
0.13628461 0.52922485 0.24923695
0.93481015 0.68030628 0.16784001
0.58976821 -0.36286636 -0.02659595
-0.35424736 -0.16661640 -0.65200261
0.64470776 -0.35072651 0.34906793
-0.92883215 0.24453719 0.90273522
0.77891965 0.16245664 -0.20683326
-0.66490639 0.00847850 0.47466089
0.34958693 0.97859598 -0.68984048
0.28614347 -0.72631085 -0.12383534
0.28106831 -0.80343781 -0.17669424
-0.63270986 -0.97818946 -0.93686271
-0.13041003 0.61354551 0.48693970
0.14498223 -0.15260381 0.94527843
-0.74612299 0.71526282 -0.06078526
-0.10459489 -0.39011118 0.79814633
-0.61786827 -0.65672870 -0.37489442
-0.34242663 0.35772496 0.43226784
0.73822319 0.39332943 -0.78600129
-0.36111826 -0.92240236 0.90775131
-0.57810519 -0.82175185 -0.74738795
-0.43146978 0.78972041 0.54985235
-0.09171705 -0.53547127 -0.62728896
-0.08398889 0.72059462 0.48024188
-0.30086296 -0.36363346 0.21528377
-0.16147524 -0.50330788 0.27284352
-0.41696798 -0.40624250 0.94633865
0.69134212 -0.89826018 0.95991343
-0.59162776 0.82149806 -0.72537850
0.39715299 -0.57234595 0.01606879
0.13942390 0.77779502 0.15728931
0.50376512 0.28752707 -0.79070736
-0.45347145 -0.84297304 0.86802792
0.80275933 -0.24131849 -0.65813617
0.33661047 -0.49636932 -0.03755655
-0.46114089 -0.91456283 0.59560500
0.47358346 0.65172330 -0.54530725
-0.91415669 -0.02729698 0.74277161
0.58400195 -0.88510705 -0.65925842
0.05623868 -0.61215716 -0.45575827
-0.34256208 0.61666717 0.80975471
-0.19154551 0.89915904 -0.49381734
-0.32900343 0.92713737 0.67553220
-0.90573677 -0.38546271 -0.57064829
0.97697680 -0.51213523 -0.82759860
-0.00955454 -0.88506147 0.42607889
-0.36153357 -0.29296153 -0.34602151
0.61239861 0.19407321 -0.74966260
0.31587336 -0.08757959 0.86604443
-0.02531947 -0.34437805 0.57788141
0.18626076 -0.99505303 0.49773849
0.84300189 -0.05007067 0.94122049
-0.46883091 -0.97692387 0.54661787
0.41357612 -0.46452084 -0.42063431
0.77414900 0.90859894 0.32079269
-0.39432194 -0.63418666 -0.91334600
-0.88827848 -0.70222886 -0.70690873
0.91247214 -0.08949643 -0.74536601
-0.50669900 -0.47451939 -0.33708859
-0.94618115 -0.28088941 -0.51593913
-0.87508217 -0.45090847 -0.86579899
-0.27996235 -0.05104943 -0.38944273
0.18022045 -0.05947858 0.86065517
0.77724986 -0.60622583 -0.09288958
-0.28195820 -0.84499343 0.15955687
0.64142527 -0.29980815 0.57637679
-0.48624461 -0.78073146 -0.88004860
-0.60240340 0.97866694 -0.43536541
0.28992932 -0.31128711 0.45981654
0.73647911 0.04492213 0.67643471
0.63865276 0.02008335 0.01803805
0.78728668 -0.60353131 0.60975000
0.33367924 0.06541485 0.91096893
-0.82678608 -0.22475141 0.01264848
-0.44863218 0.21976675 0.46208457
0.00998564 0.00495041 -0.01746142
-0.71305384 -0.23110961 -0.18837857
-0.36883727 -0.05981485 -0.54195325
0.31951555 0.92084627 -0.31889860
0.02623443 0.36023978 -0.12388491
-0.23618620 -0.78789872 0.09328529
0.89941748 -0.37851340 -0.49536586
-0.41305626 0.02412614 -0.21743398
-0.45923937 0.20646233 0.74726954
-0.75114565 0.34107992 0.80926413
0.51058366 -0.70684529 -0.83803587
0.61199127 -0.35135731 -0.85966794
-0.89400880 -0.40546488 0.63243272
0.91693822 -0.01845288 0.54428806
0.93907710 -0.20603615 -0.17839872
0.77172749 0.12223849 -0.32892200
-0.76027026 -0.93777246 -0.65377314
0.72382986 -0.32709543 -0.73059511
0.09114429 0.77552530 -0.00363093
0.65787468 0.93726996 -0.32085406
0.97937486 0.95619234 -0.04354124
-0.40873403 0.12929153 0.32195941
-0.05521353 -0.60427586 0.14732743
-0.20253793 -0.92555693 0.76815236
0.47680607 0.49457873 -0.95751786
0.53756035 -0.53301726 -0.78873190
0.74116669 -0.84525296 -0.21579928
-0.17649491 0.17937125 0.47608076
0.61989459 0.85783843 0.24992285
0.78138860 0.54024349 0.69511847
-0.39795537 0.54636200 -0.78806572
0.86621004 -0.71246545 0.70351739
-0.12935401 0.56654030 0.63141689
0.97031793 0.47248348 -0.00782630
-0.95275561 0.81430916 -0.02972967
-0.46522602 0.06678856 -0.07709543
-0.85392541 -0.41034585 -0.97041530