0.55958193 0.11191494 7074.08199692
581.30808067 -801.02264452 734.04540730
348.87504292 -2133.38702583 -1904.61604881
-39.21280956 -1018.91231537 -2511.61980581
4450.78313637 4173.40857315 -1379.58199596
2044.64093018 462.20266914 1644.35150146
488.50309205 4302.92355728 1179.42337990
1762.38290000 -2731.82805228 1626.64508438
830.20500183 1423.60953522 -1331.10335445
-874.45990753 -2515.24490166 1023.75560188
2802.82622862 -371.64380026 3943.22523689
-14.47972488 2052.13803482 -4012.77158785
544.94307590 -2635.76639175 796.07643509
-387.00895619 3885.74326205 1259.17087173
1884.36955547 -159.36671448 -243.42089462
1002.04100227 -4536.06861877 1288.59813690
1112.98468781 -398.65132427 -634.54039764
-12692.46329784 -3600.75147629 -900.74514389
-1075.61054420 -10301.91557503 -1731.59522057
825.02389365 1350.67219543 -229.56410313
2710.34288692 -201.63065910 2122.77715111
401.39787292 -852.36651993 -1355.19488454
-2966.39928579 -929.34082985 4764.87063217
326.58356476 -865.85458374 -3578.48749924
-2834.76474762 -960.80414772 212.22126293
867.00344419 -565.16467619 999.81057167
541.34930420 451.69531393 -1327.16371346
361.57557678 1648.84944534 -1211.26493073
-1329.72720718 1109.86270046 -1855.90940189
564.29005814 -1917.82644129 1095.50091553
-7176.80595779 -324.97753453 522.54646778
-2913.29778051 -1995.73653221 1100.44555759
-2450.36945629 -574.31314683 -1020.61865616
-9197.68626404 -6231.94603634 5695.36698532
1321.42052746 85.49234009 607.56179547
560.98489761 -544.94029081 -1287.51902771
-1137.41589975 16.87842894 521.46388602
-387.98763514 -4648.15948868 1480.66634560
154.21578503 -1052.47690439 -37.64134979
-3655.15767670 -163.07464600 3551.31058884
-2090.11961365 -1234.51976490 -334.69406128
-767.34635162 854.11721230 499.54317665
-1026.22177863 -3551.29732609 2657.44001484
180.63639259 -466.87762022 1423.32885456
8646.50802612 2265.18024445 -1745.09297943
4268.51597977 -2185.16756058 1349.87926102
1362.09069061 -510.81353760 -972.37882423
-301.28831315 3999.55783844 2277.31031036
697.31935358 -3803.64896011 605.05696177
240.99064445 1547.09620476 2650.53195572
2854.80690622 1680.59420681 -590.30025101
-1522.77721405 2298.67136383 -59.71411896
6135.86604309 127.20204544 -292.73229599
-1810.89734840 -480.97876549 -387.62225723
3539.20595908 -1129.93360186 1540.83365631
-436.40777206 2189.71090722 386.48158455
2636.89700699 -2079.64362824 1525.50575733
1760.68017101 435.93057060 1368.78274918
-729.92515659 1352.51164103 -5499.20776367
1970.38664436 1843.33309174 486.69425726
-734.81813431 248.32294464 -2080.94326401
1014.52309799 1303.77169889 -2802.75802231
-1609.97980785 -1007.77963066 281.11831284
920.98975599 346.70566559 -3044.57592058
6644.45546766 415.26642799 -756.79247284
-1898.20341587 1518.20465183 6980.40432739
2051.29758835 -2998.68357468 -2329.57181931
470.71994567 94.55641365 1773.08924866
1255.23711970 721.53065681 -2110.65925407
-2972.54806900 2.36810970 -3083.79183006
-317.17250824 -890.87192440 919.39339674
-1569.96619415 1269.53728342 638.25707796
10616.49248290 -2564.68753433 -797.85330105
2029.13839722 3784.60087919 -110.76349258
2439.40926743 -2110.81333160 -1468.40222359
-5417.72444916 219.94687271 -3106.91618919
-1421.35292244 -979.47216415 -5356.66088104
-27.26934624 2759.68394661 1616.06633091
-1854.22816849 2242.84508896 3474.65763807
-53.65394402 -2737.57837200 21.67117119
-795.77187347 -1409.27041626 -1412.62740111
1436.54414988 184.36660194 -975.07124233
405.38009119 -1513.55884552 -501.04236794
646.00972767 1148.92261219 -3139.38666344
-179.81902218 977.56246805 482.46192265
-221.15811920 785.40981960 20.04336500
-182.83560085 1947.87509155 -1452.25232506
-3270.15666962 -1376.00524950 -36.22738266
5474.80043507 -1589.78264618 -1640.76996613
6443.32859659 -3081.04956055 1200.65213394
-396.50848293 741.86923981 466.29314804
-292.32970810 196.26372635 -1640.70573044
-1413.89454746 1131.37066650 396.26957035
-550.20426846 625.48977089 283.10985661
-1301.01250124 -1077.68330193 -2520.62747574
-864.17423248 -674.54854774 1030.22959805
414.25511742 1429.01792908 -412.73044872
-1397.38201523 -628.49569702 933.84321594
-1232.81182098 2234.36880875 -2170.22359085
-2840.50194454 3061.66667795 -779.86881256
-1851.09272742 -1330.50236511 -2702.60206985
1697.49013519 -2457.02100563 -1527.73047638
-1863.34689331 1828.32404900 4306.11682892
-1986.51861000 1330.14957428 500.84483719
-1125.23144817 93.34811211 -1000.86838531
2911.92221642 -1110.93549347 -1333.18377399
-1146.44814873 -5359.06774521 840.74525452
1123.11149073 -270.05579281 162.60187054
3448.05003262 -1320.87096214 -705.96866322
-1068.94265175 -950.14977551 -889.42918396
1678.13063240 203.13313675 -3612.85748148
1474.70152664 76.62173080 9505.90342665
-3130.74830627 230.56469345 -359.70513535
2135.62417412 -456.67142391 3110.96763992
-852.88013363 19.45029068 -635.91749001
2820.39722633 191.32832909 1436.54919624
-3824.73856962 748.99504280 -14981.83641148
-6126.90529263 -958.20382023 -18.86565113
1685.40092993 -2616.64574051 18.01627529
-500.09847307 -592.53963757 538.74214935
8663.47553825 -361.05880165 -1019.30725479
-1720.77848625 1803.51747036 -400.19418335
3352.39907074 603.77564430 1836.50071335
-1532.15637970 2769.69700241 1784.41440773
-278.57845116 22.96494102 62.51086807
97.18710327 -4614.45011902 -2814.24880075
-1311.06936157 -978.70440292 415.84759140
-355.47167778 -6226.85515594 -9442.44264030
-813.53468943 1551.76467133 -1245.88442552
-2771.19159138 -523.80829906 -5879.34754276
5578.79220581 -251.33115768 -6924.76101971
-3022.60880852 -1973.95585632 -1035.05137181
477.09382820 865.57465458 616.56019974
1130.15517426 -5599.42311588 707.09082031
