0.0
0.0
0.0
0.0
0.0
0.0
0.0
0.0
0.0
0.0
0.0
0.0
0.0
0.0
0.0
0.0
0.0
0.0
0.0
0.0
0.0
0.0
0.0
0.0
0.0
0.0
0.0
0.0
0.0
0.0
0.0
0.0
0.0
0.0
0.0
0.0
0.0
0.0
0.0
0.0
0.0
0.0
0.0
0.0
0.0
0.0
0.0
0.0
0.0
0.0
0.0
0.0
0.0
0.0
0.0
0.0
0.0
0.0
0.0
0.0
0.0
0.0
0.0
0.0
0.0
0.0
0.0
0.0
0.0
0.0
0.0
0.0
0.0
0.0
0.0
0.0
0.0
0.0
0.0
0.0
0.0
0.0
0.0
0.0
0.0
0.0
0.0
0.0
0.0
0.0
0.0
0.0
0.0
0.0
0.0
0.0
0.0
0.0
0.0
0.0
0.0
0.0
0.0
0.0
0.0
0.0
0.0
0.0
0.0
0.0
0.0
0.0
0.0
0.0
0.0
0.0
0.0
0.0
0.0
0.0
-0.0032037740274306614
-0.031829625140434636
-0.08141249781704563
-0.16679652319485339
-0.29887421445781737
-0.46621512119785535
-0.6275726710558667
-0.7383100245714127
-0.7907991727659631
-0.8152988323956158
-0.8408319930099681
-0.8716172441514454
-0.8973590224066408
-0.887539375747815
-0.8561701499774101
-0.8253660041986287
-0.7951269384114706
-0.7654529526159359
-0.7363440468120247
-0.7078002209997367
-0.6798214751790723
-0.6524078093500312
-0.6255592235126134
-0.5992757176668191
-0.5735572918126481
-0.5484039459501007
-0.5238156800791764
-0.4997924941998757
-0.4763343883121983
-0.4534413624161443
-0.4311134165117137
-0.40935055059890646
-0.38815276467772264
-0.3675200587481623
-0.3474524328102252
-0.3279498868639116
-0.3090124209092213
-0.29064003494615454
-0.272832728974711
-0.25559050299489094
-0.23891335700669436
-0.22280129101012103
-0.20725430500517117
-0.19227239899184467
-0.17785557297014154
-0.16400382694006177
-0.15071716090160547
-0.13799557485477243
-0.12112554885153398
-0.11101723733741177
-0.10150933216463102
-0.09258833047733553
-0.08423969283706012
-0.0764478814185056
-0.06919641924171717
-0.062467982145494656
-0.05624451376447849
-0.0505073452052376
-0.04523730523970075
-0.04041481589513241
-0.03601997380560016
-0.03203262008034331
-0.028432401413095262
-0.025198849054441873
-0.022311418873357705
-0.019749520323293766
-0.017492540968724716
-0.015519868748924776
-0.013810914978001685
-0.012345141877751587
-0.011102098385007817
-0.01006146660527567
-0.009203118903264054
-0.008507183269590662
-0.007954112868000513
-0.007524755275059671
-0.007200418201485605
-0.0069629343601211105
-0.006794772275092056
-0.0066790540777144245
-0.006599567980746091
-0.00654078844625771
-0.006487923664428572
-0.006332218132007471
-0.0061889299661614
-0.006052483269418928
-0.005918107351458175
-0.005781781098544364
-0.005640177674107745
-0.005490616417071435
-0.0053310240275488505
-0.005159902387608341
-0.004976296101464264
-0.0047797534980199285
-0.004570278628532488
-0.004348277046791852
-0.004114503118997707
-0.003870017429562446
-0.003616158648754821
-0.0033545279805514564
-0.0030869777258534497
-0.00281559253597772
-0.0025426538757908463
-0.002270584030314053
-0.0020018730614099543
-0.0017389980469007472
-0.0014843453538618573
-0.0012401452109581336
-0.0010084235167783714
-0.0007909710656033733
-0.0005893254927678003
-0.00040475787497126455
-0.00023825525485116758
-9.04925806834922e-05
3.820688048894957e-05
0.0001479187876804154
0.00023916605193519187
0.00031296223992823555
0.0003730051531748054
0.00042058854999929833
0.00045702967515146595
0.00048366069893709447
0.0005017838971437423
0.0005126088036487626
0.0005172005970765646
0.0005164583455329302
0.0005111219151937559
0.0005017952439254398
0.0004889736173904092
0.0004730690199384737
0.00045443187232474595
0.0004333700216476161
0.00041016627200326096
0.0003851379611513254
0.0003586504649045207
0.0003311160536165667
0.0003029842414216318
0.0002747240667488507
0.00024680011861032657
0.00021964581355188035
0.00019363851869153242
0.00016908084514647044
0.0001461907376457484
0.0001251006836696854
0.00010586404729692528
8.846513166016637e-05
7.282981835244522e-05
5.884181141063828e-05
4.6446077962454643e-05
3.562211495194562e-05
2.6336109327689185e-05
1.8489288747165164e-05
1.1897900264452675e-05
6.3884145028007265e-06
1.8100793020376014e-06
-1.9585227455819944e-06
-5.0101244345660704e-06
-7.415099881076272e-06
-9.229821094114422e-06
-1.0503269143745152e-05
-1.1279769277856922e-05
-1.1597969694671115e-05
-1.1488873965421315e-05
-1.0976332701855437e-05
-1.008222985521695e-05
-8.836109266163567e-06
-7.28587687689606e-06
-5.504631878322697e-06
-3.5896908332213443e-06
-1.6525468790519553e-06
1.9772039167354407e-07
1.872291282594569e-06
3.315810366701214e-06
4.510738560797187e-06
5.471771949654444e-06
6.23274970757635e-06
6.830379926416817e-06
7.289747945620701e-06
7.615549959845401e-06
7.791229410500464e-06
