[0.]
[0.]
[0.]
[0.]
[0.]
[0.]
[0.]
[0.]
[0.]
[0.]
[0.]
[0.]
[0.]
[0.]
[0.]
[0.]
[0.]
[0.]
[0.]
[0.]
[0.]
[0.]
[0.]
[0.]
[0.]
[0.]
[0.]
[0.]
[0.]
[0.]
[0.]
[0.]
[0.]
[0.]
[0.]
[0.]
[0.]
[0.]
[0.]
[0.]
[0.]
[0.]
[0.]
[0.]
[0.]
[0.]
[0.]
[0.]
[0.]
[0.]
[0.]
[0.]
[0.]
[0.]
[0.]
[0.]
[0.]
[0.]
[0.]
[0.]
[0.]
[0.]
[0.]
[0.]
[0.]
[0.]
[0.]
[0.]
[0.]
[0.]
[0.]
[0.]
[0.]
[0.]
[0.]
[0.]
[0.]
[0.]
[0.]
[0.]
[0.]
[0.]
[0.]
[0.]
[0.]
[0.]
[0.]
[0.]
[0.]
[0.]
[0.]
[0.]
[0.]
[0.]
[0.]
[0.]
[0.]
[0.]
[0.]
[0.]
[0.]
[0.]
[0.]
[0.]
[0.]
[0.]
[0.]
[0.]
[0.]
[0.]
[0.]
[0.]
[0.]
[0.]
[0.]
[0.]
[0.]
[0.]
[0.]
[0.]
[0.]
[0.]
[-0.01588341]
[-0.0561436]
[-0.12623133]
[-0.23953804]
[-0.39245576]
[-0.55353422]
[-0.68088984]
[-0.75696458]
[-0.79786037]
[-0.82754402]
[-0.8549365]
[-0.87593895]
[-0.88520949]
[-0.88185219]
[-0.86867238]
[-0.84947811]
[-0.82693517]
[-0.80187025]
[-0.77377828]
[-0.74159677]
[-0.70426453]
[-0.66126201]
[-0.61326799]
[-0.56257567]
[-0.51271407]
[-0.46719784]
[-0.42813938]
[-0.39560726]
[-0.3681042]
[-0.34360286]
[-0.3205003]
[-0.29811806]
[-0.2766468]
[-0.25680586]
[-0.23933344]
[-0.22451856]
[-0.21201024]
[-0.20090504]
[-0.19011374]
[-0.17878721]
[-0.1666358]
[-0.15399928]
[-0.14157043]
[-0.13004]
[-0.11980649]
[-0.11091281]
[-0.10322629]
[-0.09667514]
[-0.09129859]
[-0.0871558]
[-0.08416049]
[-0.08198914]
[-0.08019283]
[-0.07838948]
[-0.07647618]
[-0.07465049]
[-0.07323257]
[-0.07237274]
[-0.07182864]
[-0.07096398]
[-0.06897089]
[-0.06521822]
[-0.05963152]
[-0.05281068]
[-0.04582179]
[-0.03970515]
[-0.0349238]
[-0.03110458]
[-0.02720344]
[-0.02209875]
[-0.01527938]
[-0.00727659]
[0.]
[0.]
[0.]
[0.]
[0.]
[-0.00012165]
[-0.00264495]
[-0.00317772]
[-0.00192173]
[0.]
[0.]
[0.]
[-0.00241548]
[-0.00715301]
[-0.01245377]
[-0.0169167]
[-0.0193122]
[-0.01892364]
[-0.01577768]
[-0.01071523]
[-0.00515376]
[-0.00052361]
[0.]
[0.]
[0.]
[0.]
[0.]
[0.]
[0.]
[0.]
[0.]
[0.]
[0.]
[0.]
[0.]
[0.]
[0.]
[0.]
[0.]
[0.]
[0.]
[0.]
[0.]
[0.]
[0.]
[0.]
[0.]
[0.]
[0.]
[0.]
[0.]
[0.]
[0.]
[0.]
[0.]
[0.]
[0.]
[0.]
[0.]
[0.]
[0.]
[0.]
[0.]
[0.]
[0.]
[0.]
[0.]
[0.]
[0.]
[0.]
[0.]
[0.]
[0.]
[0.]
[0.]
[0.]
[0.]
[0.]
[0.]
[0.]
[0.]
[0.]
[0.]
[0.]
[0.]
[0.]
[0.]
[0.]
[0.]
[0.]
[0.]
[0.]
[0.]
[0.]
[0.]
[0.]
[0.]
[0.]
[0.]
[0.]
[0.]
[0.]
[0.]
[0.]
[0.]
[0.]
