0.0
0.0
0.0
0.0
0.0
0.0
0.0
0.0
0.0
0.0
0.0
0.0
0.0
0.0
0.0
0.0
0.0
0.0
0.0
0.0
0.0
0.0
0.0
0.0
0.0
0.0
0.0
0.0
0.0
0.0
0.0
0.0
0.0
0.0
0.0
0.0
0.0
0.0
0.0
0.0
0.0
0.0
0.0
0.0
0.0
0.0
0.0
0.0
0.0
0.0
0.0
0.0
0.0
0.0
0.0
0.0
0.0
0.0
0.0
0.0
0.0
0.0
0.0
0.0
0.0
0.0
0.0
0.0
0.0
0.0
0.0
0.0
0.0
0.0
0.0
0.0
0.0
0.0
0.0
0.0
0.0
0.0
0.0
0.0
0.0
0.0
0.0
0.0
0.0
0.0
0.0
0.0
0.0
0.0
0.0
0.0
0.0
0.0
0.0
0.0
0.0
0.0
0.0
0.0
0.0
0.0
0.0
0.0
0.0
0.0
0.0
0.0
0.0
0.0
0.0
0.0
0.0
0.0
0.0
0.0
0.0
-0.015557707678833133
-0.059241086383318375
-0.1382068797182372
-0.2729989741723724
-0.45807157986026503
-0.641588951698747
-0.7605613219081722
-0.8077984246961911
-0.8320211950121044
-0.8702342094669664
-0.9178852612402739
-0.9613909010773405
-0.9265274521044882
-0.8923051902150823
-0.858724115409123
-0.8257842276866103
-0.793485527047544
-0.7618280134919244
-0.7308116870197512
-0.7004365476310246
-0.6707025953257446
-0.641609830103911
-0.613158251965524
-0.5853478609105836
-0.5581786569390896
-0.5316506400510422
-0.5057638102464413
-0.48051816752528703
-0.45591371188757923
-0.431950443333318
-0.4086283618625033
-0.3859474674751351
-0.3639077601712135
-0.34250923995073834
-0.3217519068137098
-0.30163576076012777
-0.28216080178999225
-0.26332702990330326
-0.24513444510006088
-0.2275830473802649
-0.21067283674391557
-0.19440381319101263
-0.17877597672155654
-0.16378932733554663
-0.14944386503298357
-0.1357395898138667
-0.11730047783481556
-0.10659618229047804
-0.09658131964693235
-0.087239271544733
-0.07855222903819789
-0.07050135188497177
-0.06306679672332205
-0.05622776363760423
-0.04996259191802619
-0.044248870903704655
-0.03906357282640567
-0.0343831605484132
-0.030183668069515886
-0.02644076682293687
-0.023129829206738055
-0.020225993514898587
-0.017704228600792196
-0.015539395361805652
-0.013706304373591608
-0.012179805875797839
-0.010934873070864473
-0.009946637337589444
-0.00919042182422768
-0.0086417807047362
-0.008276549311855405
-0.008070907172338103
-0.008001452350730501
-0.008045289947016887
-0.00818011533514977
-0.008384278303821149
-0.008636873414312489
-0.008917812852178977
-0.00920789361473565
-0.009488860018185035
-0.009743460510857978
-0.009955497649475589
-0.010023037847438132
-0.010065508049980992
-0.010078280702752742
-0.01005765552233817
-0.010000809552618553
-0.009905758636895415
-0.009771326957659882
-0.009597161886459142
-0.009383764815377801
-0.009132455828254412
-0.008845314951201737
-0.008525098593656895
-0.008175137293098544
-0.007799224876127038
-0.007401509393003219
-0.006986393039466819
-0.006558443862965686
-0.006122319210122671
-0.005682698009165218
-0.005244217146866164
-0.004811405701034097
-0.004388612653375686
-0.003979927633043092
-0.0035890996998265883
-0.0032194634841572096
-0.0028738821028089162
-0.002554711325645772
-0.0022637833547320112
-0.002002403111305586
-0.0017713476437188195
-0.0015708607695373452
-0.0014007154844930285
-0.0012602086710665182
-0.0011481168642321121
-0.0010626481766666921
-0.0009998230692485719
-0.0009582465520430334
-0.0009365982766835478
-0.0009335319546754036
-0.000947567509693254
-0.0009771592401228882
-0.0010207642899333039
-0.001076868664488525
-0.001144035681384261
-0.001220873908320397
-0.0013060108271638604
-0.0013980859552898926
-0.0014957555414241268
-0.0015976995679644226
-0.0017026270120148793
-0.0018092807842584626
-0.0019164456763408806
-0.0020229610229659622
-0.002127678186956254
-0.0022294166403808934
-0.002326993590707298
-0.0024192695751388987
-0.0025051989753245357
-0.0025838737022509327
-0.0026545511729440343
-0.002716663172790044
-0.0027697958418965627
-0.002813668306118325
-0.0028481365659222555
-0.002873153441667314
-0.002888747254869018
-0.0028950043964509195
-0.0028920538789518626
-0.002880054923844455
-0.0028591901187532904
-0.002829667723433622
-0.0027917338979448173
-0.0027456915038831724
-0.002691920697454182
-0.0026308964738760016
-0.0025632019665096316
-0.002489538762611305
-0.0024106872524023424
-0.0023274311110380056
-0.0022405263850353986
-0.0021506772210630114
-0.0020585219471422208
-0.0019646295866730602
-0.001869504129378974
-0.0017735925526643718
-0.0016772929828701914
-0.0015809608196460975
-0.001484911734989978
-0.0013894219511791461
-0.0012947275557986737
-0.0012010261249894023
-0.00110848384736108
-0.0010172499143845317
-0.0009274771055419946
-0.0008393444619670512
-0.0007530765355225819
-0.0006689549842884735
