[0.]
[0.]
[0.]
[0.]
[0.]
[0.]
[0.]
[0.]
[0.]
[0.]
[0.]
[0.]
[0.]
[0.]
[0.]
[0.]
[0.]
[0.]
[0.]
[0.]
[0.]
[0.]
[0.]
[0.]
[0.]
[0.]
[0.]
[0.]
[0.]
[0.]
[0.]
[0.]
[0.]
[0.]
[0.]
[0.]
[0.]
[0.]
[0.]
[0.]
[0.]
[0.]
[0.]
[0.]
[0.]
[0.]
[0.]
[0.]
[0.]
[0.]
[0.]
[0.]
[0.]
[0.]
[0.]
[0.]
[0.]
[0.]
[0.]
[0.]
[0.]
[0.]
[0.]
[0.]
[0.]
[0.]
[0.]
[0.]
[0.]
[0.]
[0.]
[0.]
[0.]
[0.]
[0.]
[0.]
[0.]
[0.]
[0.]
[0.]
[0.]
[0.]
[0.]
[0.]
[0.]
[0.]
[0.]
[0.]
[0.]
[0.]
[0.]
[0.]
[0.]
[0.]
[0.]
[0.]
[0.]
[0.]
[0.]
[0.]
[0.]
[0.]
[0.]
[0.]
[0.]
[0.]
[0.]
[0.]
[0.]
[0.]
[0.]
[0.]
[0.]
[0.]
[0.]
[0.]
[0.]
[-0.00687894]
[-0.02156302]
[-0.03863343]
[-0.0527227]
[-0.06499981]
[-0.09658901]
[-0.18803534]
[-0.3644356]
[-0.58756391]
[-0.76381821]
[-0.83056271]
[-0.82547259]
[-0.84488466]
[-0.94498035]
[-1.10127344]
[-1.24571931]
[-1.32076395]
[-1.30688481]
[-1.22186154]
[-1.10424457]
[-0.99204238]
[-0.90709441]
[-0.85211726]
[-0.81825315]
[-0.79444438]
[-0.77255885]
[-0.74818911]
[-0.71961271]
[-0.68670239]
[-0.65027573]
[-0.61172287]
[-0.57276399]
[-0.53510744]
[-0.50008475]
[-0.4683739]
[-0.43991296]
[-0.41407897]
[-0.3900426]
[-0.36716835]
[-0.34521536]
[-0.32428886]
[-0.30456353]
[-0.28602309]
[-0.26837081]
[-0.2511756]
[-0.2342012]
[-0.21770934]
[-0.20252086]
[-0.18973911]
[-0.18028284]
[-0.17436892]
[-0.17127413]
[-0.16943916]
[-0.16694161]
[-0.16212126]
[-0.15416001]
[-0.14342345]
[-0.13135696]
[-0.11993902]
[-0.11084998]
[-0.10474431]
[-0.10095044]
[-0.09781704]
[-0.09341171]
[-0.08633145]
[-0.07633522]
[-0.06447914]
[-0.05269099]
[-0.04291465]
[-0.03629124]
[-0.03275619]
[-0.03129821]
[-0.03063845]
[-0.02982496]
[-0.02855706]
[-0.02712358]
[-0.02607365]
[-0.02572279]
[-0.0259446]
[-0.02619053]
[-0.02577663]
[-0.02426829]
[-0.02174048]
[-0.0187605]
[-0.01611186]
[-0.01443251]
[-0.01393367]
[-0.0143863]
[-0.01536872]
[-0.01648807]
[-0.01751787]
[-0.0183973]
[-0.01908277]
[-0.01943867]
[-0.01924023]
[-0.01830912]
[-0.01665217]
[-0.0145732]
[-0.01267959]
[-0.01169686]
[-0.01215313]
[-0.01414306]
[-0.01718257]
[-0.02029089]
[-0.02231268]
[-0.02234179]
[-0.02005175]
[-0.01585626]
[-0.01070179]
[-0.00559694]
[-0.00116202]
[0.]
[0.]
[0.]
[0.]
[0.]
[0.]
[0.]
[0.]
[0.]
[0.]
[0.]
[0.]
[0.]
[0.]
[0.]
[0.]
[0.]
[0.]
[0.]
[0.]
[0.]
[0.]
[0.]
[0.]
[0.]
[0.]
[0.]
[0.]
[0.]
[0.]
[0.]
[0.]
[0.]
[0.]
[0.]
[0.]
[0.]
[0.]
[0.]
[0.]
[0.]
[0.]
[0.]
[0.]
[0.]
[0.]
[0.]
[0.]
[0.]
[0.]
[0.]
[0.]
[0.]
[0.]
[0.]
[0.]
[0.]
[0.]
[0.]
[0.]
[0.]
[0.]
[0.]
[0.]
[0.]
[0.]
[0.]
[0.]
[0.]
[0.]
[0.]
[0.]
