0.0
0.0
0.0
0.0
0.0
0.0
0.0
0.0
0.0
0.0
0.0
0.0
0.0
0.0
0.0
0.0
0.0
0.0
0.0
0.0
0.0
0.0
0.0
0.0
0.0
0.0
0.0
0.0
0.0
0.0
0.0
0.0
0.0
0.0
0.0
0.0
0.0
0.0
0.0
0.0
0.0
0.0
0.0
0.0
0.0
0.0
0.0
0.0
0.0
0.0
0.0
0.0
0.0
0.0
0.0
0.0
0.0
0.0
0.0
0.0
0.0
0.0
0.0
0.0
0.0
0.0
0.0
0.0
0.0
0.0
0.0
0.0
0.0
0.0
0.0
0.0
0.0
0.0
0.0
0.0
0.0
0.0
0.0
0.0
0.0
0.0
0.0
0.0
0.0
0.0
0.0
0.0
0.0
0.0
0.0
0.0
0.0
0.0
0.0
0.0
0.0
0.0
0.0
0.0
0.0
0.0
0.0
0.0
0.0
0.0
0.0
0.0
0.0
0.0
0.0
0.0
0.0
-0.0005848878964220816
-0.013915141131538356
-0.03066901352093243
-0.046526608187994256
-0.061967010927399535
-0.09436509903533263
-0.18120887809096864
-0.35322386262082617
-0.5839040039520116
-0.7775272998750369
-0.8498494128694327
-0.8285746526445879
-0.832876907030836
-0.9477718140511238
-1.150280041440225
-1.2326265105906735
-1.1902560484005564
-1.1486309675963118
-1.1077512681779396
-1.0676169501454396
-1.0282280134988122
-0.9895844582380571
-0.9516862843631744
-0.9145334918741641
-0.8781260807710262
-0.8424640510537607
-0.8075474027223676
-0.7733761357768468
-0.7399502502171985
-0.7072697460434225
-0.6753346232555191
-0.644144881853488
-0.6137005218373291
-0.5840015432070428
-0.5550479459626289
-0.5268397301040875
-0.4993768956314182
-0.47265944254462144
-0.44668737084369725
-0.42146068052864505
-0.3969793715994656
-0.3732434440561584
-0.3502528978987236
-0.32800773312716136
-0.30650794974147133
-0.28575354774165374
-0.26574452712770846
-0.24648088789963574
-0.22796263005743533
-0.21018975360110725
-0.18631654045222193
-0.17185457312355332
-0.15817965102550627
-0.14527377843348857
-0.13311887665487784
-0.12169688496048574
-0.1109895088024055
-0.10097787777248464
-0.09164229107050283
-0.08296209935663741
-0.07491569672700236
-0.06748058192286918
-0.060633460254116305
-0.0543503701587108
-0.048606821932804245
-0.04337793427440452
-0.03863855318512806
-0.03436334016516575
-0.030526824167061158
-0.027103422712056974
-0.024067447484081343
-0.021393113871732775
-0.01905457191013521
-0.017025966066984775
-0.015281518820368021
-0.013795624651476567
-0.012543004274353333
-0.011498772317711894
-0.010638505936346352
-0.009938317570226455
-0.009374930304975654
-0.008925750801072453
-0.00856893345240502
-0.008283431651491199
-0.008049036658353744
-0.007747447227350804
-0.007503253899945222
-0.007306622562443287
-0.007148423973581865
-0.007020256743103967
-0.00691449259742442
-0.006824321103814002
-0.006743769828047331
-0.00666768453956907
-0.006591670286261949
-0.006512010372809948
-0.0064255893330900545
-0.006329842309236225
-0.006222741292584769
-0.006102812485771547
-0.0059691643211379625
-0.005821499619419802
-0.0056600907915767265
-0.005485712633030735
-0.005299544392699994
-0.005103063328583875
-0.004897949756057399
-0.004686012066471074
-0.0044691286700714395
-0.00424919630897828
-0.004028073761414709
-0.003807515182606438
-0.003589096776315738
-0.0033741453491609665
-0.0031636780243685767
-0.0029583575673404186
-0.0027584602165015115
-0.0025638469154311205
-0.0023739278831191877
-0.002187614868804265
-0.002003262353908066
-0.0018186725900211976
-0.0016360104031209522
-0.0014576602878508997
-0.0012855254680725489
-0.0011207458037770853
-0.0009637737412939439
-0.0008146155964942205
-0.0006730739837909084
-0.0005389228900061902
-0.0004120137896824418
-0.000292330235346387
-0.00018000184704157216
-7.528036844394862e-05
2.1518711286167443e-05
0.00011009734521613863
0.000190259436236744
0.0002619750185906704
0.0003254044855533783
0.0003808755474099029
0.00042882137824650895
0.00046970048815486146
0.0005039244415225935
0.0005318125025176177
0.0005535769140119569
0.0005693278544961476
0.0005791905486038058
0.000583310897646968
0.0005818622595337582
0.000575058101834969
0.0005631702426959372
0.0005465480777521851
0.0005256311884494944
0.0005009481325812133
0.00047309781184313993
0.0004427159850155392
0.00041043490245411523
0.0003768470252151119
0.00034248262560909005
0.000307806477185652
0.000273232060222782
0.00023914480321436625
0.00020592208751764977
0.00017393894798760815
0.00014355483692792041
0.00011508551049881385
8.877126070389597e-05
6.47543382592673e-05
4.307521659436343e-05
2.369027753493907e-05
6.504923264783469e-06
-8.589922335234264e-06
-2.1690784567556217e-05
-3.2871569052762564e-05
-4.2189662471462316e-05
-4.970033340041437e-05
-5.546992093575576e-05
-5.958194956284094e-05
-6.2135411317667e-05
-6.323892303756067e-05
-6.300611820844142e-05
-6.155631430724472e-05
-5.9020133271422395e-05
