[0.]
[0.]
[0.]
[0.]
[0.]
[0.]
[0.]
[0.]
[0.]
[0.]
[0.]
[0.]
[0.]
[0.]
[0.]
[0.]
[0.]
[0.]
[0.]
[0.]
[-0.0013463]
[-0.00201595]
[-0.00130633]
[0.]
[0.]
[0.]
[0.]
[0.]
[0.]
[0.]
[0.]
[0.]
[0.]
[0.]
[0.]
[0.]
[0.]
[0.]
[0.]
[0.]
[0.]
[0.]
[0.]
[0.]
[0.]
[0.]
[0.]
[0.]
[0.]
[0.]
[0.]
[0.]
[0.]
[0.]
[0.]
[0.]
[0.]
[0.]
[0.]
[0.]
[0.]
[0.]
[0.]
[0.]
[0.]
[0.]
[0.]
[0.]
[0.]
[0.]
[0.]
[0.]
[0.]
[0.]
[0.]
[0.]
[0.]
[0.]
[0.]
[0.]
[0.]
[0.]
[0.]
[0.]
[0.]
[0.]
[0.]
[0.]
[0.]
[0.]
[0.]
[0.]
[0.]
[0.]
[0.]
[0.]
[0.]
[0.]
[0.]
[0.]
[0.]
[0.]
[0.]
[0.]
[0.]
[0.]
[0.]
[0.]
[0.]
[0.]
[0.]
[0.]
[0.]
[0.]
[0.]
[0.]
[0.]
[0.]
[0.]
[0.]
[0.]
[-0.01926298]
[-0.06528032]
[-0.1471316]
[-0.28263848]
[-0.46118784]
[-0.63181528]
[-0.74317953]
[-0.79650952]
[-0.83352324]
[-0.8799974]
[-0.92825979]
[-0.96175878]
[-0.9732095]
[-0.96409892]
[-0.93986509]
[-0.90731132]
[-0.87226332]
[-0.83702658]
[-0.8000233]
[-0.75851788]
[-0.71188058]
[-0.66235654]
[-0.61332868]
[-0.56727886]
[-0.52508038]
[-0.48646783]
[-0.45087376]
[-0.41799661]
[-0.38786461]
[-0.36057407]
[-0.33597289]
[-0.31356094]
[-0.2926157]
[-0.272508]
[-0.2529606]
[-0.23410553]
[-0.21631373]
[-0.19995543]
[-0.18514957]
[-0.17167486]
[-0.15905697]
[-0.14676157]
[-0.13440673]
[-0.12191613]
[-0.10958714]
[-0.09799506]
[-0.08777476]
[-0.07936851]
[-0.07288991]
[-0.06806517]
[-0.06433932]
[-0.06100633]
[-0.05735674]
[-0.05285003]
[-0.0472588]
[-0.04083186]
[-0.03428572]
[-0.0286323]
[-0.02482929]
[-0.02342141]
[-0.02439984]
[-0.02726628]
[-0.0312566]
[-0.03559907]
[-0.03965573]
[-0.04304241]
[-0.04567967]
[-0.04782162]
[-0.04991802]
[-0.05239534]
[-0.05539402]
[-0.05859676]
[-0.06128594]
[-0.06263964]
[-0.06204069]
[-0.05930861]
[-0.05474525]
[-0.04899483]
[-0.04274104]
[-0.03648639]
[-0.03040297]
[-0.02433772]
[-0.01803158]
[-0.01136103]
[-0.004587]
[0.]
[0.]
[0.]
[0.]
[0.]
[0.]
[0.]
[0.]
[0.]
[0.]
[0.]
[0.]
[0.]
[0.]
[0.]
[-0.00230958]
[-0.00595967]
[-0.0085067]
[-0.00938971]
[-0.00853814]
[-0.00638659]
[-0.00370121]
[-0.00130263]
[0.]
[0.]
[-0.00018873]
[-0.00149631]
[-0.0029891]
[-0.00437418]
[-0.0055502]
[-0.0065335]
[-0.00735567]
[-0.0079508]
[-0.00819347]
[-0.00798339]
[-0.0072742]
[-0.00606942]
[-0.0043148]
[-0.00187141]
[0.]
[0.]
[0.]
[0.]
[0.]
[0.]
[0.]
[0.]
[0.]
[0.]
[0.]
[0.]
[0.]
[0.]
[0.]
[0.]
[0.]
[0.]
[0.]
[0.]
[0.]
[0.]
[0.]
[0.]
[-0.00341499]
[-0.007197]
[-0.01062218]
[-0.01326819]
[-0.01477778]
[-0.01496505]
[-0.01389308]
[-0.01183147]
[-0.00915267]
[-0.00621035]
[-0.00326548]
[-0.00043324]
[0.]
[0.]
[0.]
[0.]
[0.]
[0.]
[0.]
[0.]
[0.]
[0.]
[0.]
[0.]
[0.]
[0.]
[0.]
[0.]
[0.]
[0.]
[0.]
