[-0.00290404]
[-0.00354238]
[-0.00239471]
[0.]
[0.]
[0.]
[0.]
[0.]
[0.]
[0.]
[0.]
[0.]
[0.]
[0.]
[0.]
[0.]
[0.]
[0.]
[0.]
[0.]
[0.]
[0.]
[0.]
[0.]
[0.]
[0.]
[0.]
[0.]
[0.]
[0.]
[0.]
[0.]
[0.]
[0.]
[0.]
[0.]
[0.]
[0.]
[0.]
[0.]
[0.]
[0.]
[0.]
[0.]
[0.]
[0.]
[0.]
[0.]
[0.]
[0.]
[0.]
[0.]
[0.]
[0.]
[0.]
[0.]
[0.]
[0.]
[0.]
[0.]
[0.]
[0.]
[0.]
[0.]
[0.]
[0.]
[0.]
[0.]
[0.]
[0.]
[0.]
[0.]
[0.]
[0.]
[0.]
[0.]
[0.]
[0.]
[0.]
[-2.25683893e-05]
[0.]
[0.]
[0.]
[0.]
[0.]
[0.]
[0.]
[0.]
[0.]
[0.]
[0.]
[0.]
[0.]
[0.]
[0.]
[0.]
[0.]
[0.]
[0.]
[0.]
[0.]
[0.]
[0.]
[0.]
[0.]
[0.]
[0.]
[0.]
[0.]
[0.]
[0.]
[0.]
[0.]
[0.]
[0.]
[0.]
[0.]
[0.]
[0.]
[-0.00203149]
[-0.01540903]
[-0.03059343]
[-0.05391502]
[-0.10228136]
[-0.19829905]
[-0.34912639]
[-0.52489213]
[-0.6715471]
[-0.75837259]
[-0.80210427]
[-0.83631542]
[-0.87449929]
[-0.90952059]
[-0.93139856]
[-0.93648713]
[-0.92667549]
[-0.90644713]
[-0.88063478]
[-0.85257282]
[-0.82297592]
[-0.79030105]
[-0.75237345]
[-0.70801287]
[-0.65764517]
[-0.6029244]
[-0.54610813]
[-0.48970812]
[-0.43632954]
[-0.38834799]
[-0.34736112]
[-0.31360576]
[-0.28577828]
[-0.26151338]
[-0.23821981]
[-0.21399177]
[-0.18822225]
[-0.16171151]
[-0.13625318]
[-0.1137253]
[-0.09527822]
[-0.0809204]
[-0.06970442]
[-0.0604292]
[-0.05231521]
[-0.04534522]
[-0.0402014]
[-0.03785386]
[-0.03897792]
[-0.04359133]
[-0.05094478]
[-0.05975693]
[-0.06858554]
[-0.07620631]
[-0.08195994]
[-0.08587681]
[-0.08861517]
[-0.09110045]
[-0.09396026]
[-0.09711863]
[-0.09967743]
[-0.10016692]
[-0.09711987]
[-0.08972233]
[-0.07827735]
[-0.06423853]
[-0.04975327]
[-0.03689301]
[-0.02683532]
[-0.01956568]
[-0.01413638]
[-0.00923277]
[-0.00383443]
[0.]
[0.]
[0.]
[0.]
[0.]
[0.]
[0.]
[0.]
[0.]
[0.]
[0.]
[0.]
[0.]
[0.]
[0.]
[-0.00096541]
[-0.00334701]
[-0.00651683]
[-0.00982587]
[-0.01264331]
[-0.01467915]
[-0.01610728]
[-0.01753691]
[-0.01975781]
[-0.02329618]
[-0.02809847]
[-0.03342826]
[-0.03805629]
[-0.04069337]
[-0.04045294]
[-0.0372594]
[-0.03192364]
[-0.0258428]
[-0.02038474]
[-0.01621283]
[-0.01297584]
[-0.00945439]
[-0.00412627]
[0.]
[0.]
[0.]
[0.]
[0.]
[0.]
[0.]
[0.]
[0.]
[0.]
[0.]
[0.]
[0.]
[0.]
[0.]
[0.]
[0.]
[0.]
[0.]
[0.]
[0.]
[0.]
[0.]
[0.]
[0.]
[-0.00090821]
[-0.00307347]
[-0.00474167]
[-0.00526367]
[-0.00427737]
[-0.00183386]
[0.]
[0.]
[0.]
[0.]
[0.]
[0.]
[0.]
[0.]
[0.]
[0.]
[0.]
[0.]
[0.]
[0.]
[0.]
[0.]
[0.]
[0.]
[0.]
[0.]
[0.]
[0.]
[0.]
[0.]
[0.]
[0.]
[0.]
[0.]
[0.]
[0.]
[0.]
[0.]
[0.]
[0.]
[0.]
[-0.00269364]
[-0.00709786]
[-0.01042245]
[-0.01236314]
