[0.]
[0.]
[0.]
[0.]
[0.]
[0.]
[0.]
[0.]
[0.]
[0.]
[0.]
[0.]
[0.]
[0.]
[0.]
[0.]
[0.]
[0.]
[0.]
[0.]
[0.]
[0.]
[0.]
[0.]
[0.]
[0.]
[0.]
[0.]
[0.]
[0.]
[0.]
[0.]
[0.]
[0.]
[0.]
[0.]
[0.]
[0.]
[0.]
[0.]
[0.]
[0.]
[0.]
[0.]
[0.]
[0.]
[0.]
[0.]
[0.]
[0.]
[0.]
[0.]
[0.]
[0.]
[0.]
[0.]
[0.]
[0.]
[0.]
[0.]
[0.]
[0.]
[0.]
[0.]
[0.]
[0.]
[0.]
[0.]
[0.]
[0.]
[0.]
[0.]
[0.]
[0.]
[0.]
[0.]
[0.]
[0.]
[0.]
[0.]
[0.]
[0.]
[0.]
[0.]
[0.]
[0.]
[0.]
[0.]
[0.]
[0.]
[0.]
[0.]
[0.]
[0.]
[0.]
[0.]
[0.]
[0.]
[0.]
[0.]
[0.]
[0.]
[0.]
[0.]
[0.]
[0.]
[0.]
[0.]
[0.]
[0.]
[0.]
[0.]
[0.]
[0.]
[0.]
[0.]
[0.]
[0.]
[0.]
[0.]
[0.]
[-0.02618034]
[-0.07903118]
[-0.17214737]
[-0.32077934]
[-0.5045068]
[-0.66564283]
[-0.76098077]
[-0.80616887]
[-0.84537979]
[-0.89573833]
[-0.94340098]
[-0.97229699]
[-0.97776871]
[-0.96311313]
[-0.93483166]
[-0.90017152]
[-0.86440235]
[-0.82849038]
[-0.78944334]
[-0.7433309]
[-0.68853449]
[-0.62693491]
[-0.56277964]
[-0.50063274]
[-0.44387946]
[-0.39424875]
[-0.35216296]
[-0.31730558]
[-0.28903547]
[-0.26655668]
[-0.24895702]
[-0.23519468]
[-0.22419367]
[-0.21495001]
[-0.20669661]
[-0.19897577]
[-0.19161999]
[-0.18464748]
[-0.17812516]
[-0.17203131]
[-0.16617281]
[-0.16019741]
[-0.15363334]
[-0.14604036]
[-0.13714389]
[-0.12693448]
[-0.1156722]
[-0.10385693]
[-0.09211766]
[-0.08104656]
[-0.07107578]
[-0.06233192]
[-0.05463398]
[-0.04761958]
[-0.04095949]
[-0.03456076]
[-0.02862808]
[-0.02355461]
[-0.01966452]
[-0.01701744]
[-0.01533835]
[-0.01417037]
[-0.01308902]
[-0.01190197]
[-0.01073381]
[-0.00997663]
[-0.01008342]
[-0.01136297]
[-0.01378254]
[-0.01692928]
[-0.02017981]
[-0.02286986]
[-0.02456013]
[-0.02518345]
[-0.02509895]
[-0.02496022]
[-0.02547339]
[-0.0271495]
[-0.0300631]
[-0.03380268]
[-0.03752812]
[-0.04017101]
[-0.04077191]
[-0.03878666]
[-0.03429613]
[-0.02795883]
[-0.02075203]
[-0.01353381]
[-0.00667055]
[0.]
[0.]
[0.]
[0.]
[0.]
[0.]
[0.]
[0.]
[0.]
[0.]
[0.]
[0.]
[0.]
[0.]
[0.]
[0.]
[0.]
[0.]
[0.]
[0.]
[0.]
[0.]
[0.]
[0.]
[0.]
[0.]
[0.]
[0.]
[0.]
[0.]
[0.]
[0.]
[0.]
[0.]
[0.]
[0.]
[0.]
[0.]
[0.]
[0.]
[0.]
[0.]
[0.]
[0.]
[0.]
[0.]
[0.]
[0.]
[0.]
[0.]
[0.]
[0.]
[0.]
[0.]
[0.]
[0.]
[0.]
[0.]
[0.]
[0.]
[0.]
[0.]
[0.]
[0.]
[0.]
[0.]
[0.]
[0.]
[0.]
[0.]
[0.]
[0.]
[0.]
[0.]
[0.]
[0.]
[0.]
[0.]
[0.]
[0.]
[0.]
[0.]
[0.]
[0.]
[0.]
[0.]
[0.]
[0.]
[0.]
[0.]
