[0.]
[0.]
[0.]
[0.]
[0.]
[0.]
[0.]
[0.]
[0.]
[0.]
[0.]
[0.]
[0.]
[0.]
[0.]
[0.]
[0.]
[0.]
[0.]
[0.]
[0.]
[0.]
[0.]
[0.]
[0.]
[0.]
[0.]
[0.]
[0.]
[0.]
[0.]
[0.]
[0.]
[0.]
[0.]
[0.]
[0.]
[0.]
[0.]
[0.]
[0.]
[0.]
[0.]
[0.]
[0.]
[0.]
[0.]
[0.]
[0.]
[0.]
[0.]
[0.]
[0.]
[0.]
[0.]
[0.]
[0.]
[0.]
[0.]
[0.]
[0.]
[0.]
[0.]
[0.]
[0.]
[0.]
[0.]
[0.]
[0.]
[0.]
[0.]
[0.]
[0.]
[0.]
[0.]
[0.]
[0.]
[0.]
[0.]
[0.]
[0.]
[0.]
[0.]
[0.]
[0.]
[0.]
[0.]
[0.]
[0.]
[0.]
[0.]
[0.]
[0.]
[0.]
[0.]
[0.]
[0.]
[0.]
[0.]
[0.]
[0.]
[0.]
[0.]
[0.]
[0.]
[0.]
[0.]
[0.]
[0.]
[0.]
[0.]
[0.]
[0.]
[0.]
[0.]
[0.]
[0.]
[0.]
[0.]
[0.]
[-0.00630661]
[-0.03686552]
[-0.0889181]
[-0.17630971]
[-0.30713674]
[-0.4671904]
[-0.61771752]
[-0.72266226]
[-0.77977258]
[-0.8147759]
[-0.84870472]
[-0.88245388]
[-0.90713687]
[-0.91678199]
[-0.91142601]
[-0.89488998]
[-0.87196676]
[-0.84610981]
[-0.81818638]
[-0.78695609]
[-0.75082142]
[-0.70938497]
[-0.66378906]
[-0.6160461]
[-0.56820902]
[-0.52193051]
[-0.47838427]
[-0.43835531]
[-0.40234359]
[-0.37061688]
[-0.34323237]
[-0.32010328]
[-0.30096862]
[-0.28533295]
[-0.27242044]
[-0.26120943]
[-0.25059065]
[-0.23959812]
[-0.22761063]
[-0.21446467]
[-0.20043286]
[-0.18604277]
[-0.17188106]
[-0.1583746]
[-0.14569089]
[-0.13374728]
[-0.1223444]
[-0.11136547]
[-0.10094762]
[-0.09150027]
[-0.08354938]
[-0.0774879]
[-0.07335372]
[-0.07075545]
[-0.06902331]
[-0.0674842]
[-0.06569691]
[-0.06363118]
[-0.06158334]
[-0.05994197]
[-0.05891579]
[-0.05831117]
[-0.05753979]
[-0.05587938]
[-0.05279862]
[-0.04825594]
[-0.042781]
[-0.0373066]
[-0.03282965]
[-0.03005739]
[-0.02914991]
[-0.02972313]
[-0.03099719]
[-0.03206749]
[-0.03215897]
[-0.03084704]
[-0.02817358]
[-0.02461314]
[-0.0209059]
[-0.01774763]
[-0.01555544]
[-0.01437194]
[-0.01394441]
[-0.01391676]
[-0.01399769]
[-0.01402212]
[-0.0139632]
[-0.01383334]
[-0.01360955]
[-0.01321978]
[-0.01257579]
[-0.01159509]
[-0.01024955]
[-0.00855771]
[-0.00659759]
[-0.00447455]
[-0.00232816]
[-0.00033049]
[0.]
[0.]
[0.]
[0.]
[0.]
[0.]
[0.]
[0.]
[0.]
[0.]
[0.]
[0.]
[0.]
[0.]
[-0.00071433]
[-0.00417098]
[-0.00603584]
[-0.00577452]
[-0.00344466]
[0.]
[0.]
[0.]
[0.]
[0.]
[0.]
[0.]
[0.]
[0.]
[0.]
[0.]
[0.]
[0.]
[0.]
[0.]
[0.]
[0.]
[0.]
[0.]
[0.]
[0.]
[0.]
[0.]
[0.]
[0.]
[0.]
[0.]
[0.]
[0.]
[0.]
[0.]
[0.]
[0.]
[0.]
[0.]
[0.]
[0.]
[0.]
[0.]
[0.]
[0.]
[0.]
[0.]
[0.]
[0.]
[0.]
[0.]
[0.]
[0.]
[0.]
[0.]
[0.]
[0.]
[0.]
[0.]
[0.]
[0.]
[0.]
[0.]
[0.]
[0.]
[0.]
[0.]
