0.0
0.0
0.0
0.0
0.0
0.0
0.0
0.0
0.0
0.0
0.0
0.0
0.0
0.0
0.0
0.0
0.0
0.0
0.0
0.0
0.0
0.0
0.0
0.0
0.0
0.0
0.0
0.0
0.0
0.0
0.0
0.0
0.0
0.0
0.0
0.0
0.0
0.0
0.0
0.0
0.0
0.0
0.0
0.0
0.0
0.0
0.0
0.0
0.0
0.0
0.0
0.0
0.0
0.0
0.0
0.0
0.0
0.0
0.0
0.0
0.0
0.0
0.0
0.0
0.0
0.0
0.0
0.0
0.0
0.0
0.0
0.0
0.0
0.0
0.0
0.0
0.0
0.0
0.0
0.0
0.0
0.0
0.0
0.0
0.0
0.0
0.0
0.0
0.0
0.0
0.0
0.0
0.0
0.0
0.0
0.0
0.0
0.0
0.0
0.0
0.0
0.0
0.0
0.0
0.0
0.0
0.0
0.0
0.0
0.0
0.0
0.0
0.0
0.0
0.0
0.0
0.0
0.0
0.0
0.0
0.0
-0.02205613743076018
-0.07228814463349931
-0.1625581105258318
-0.31168351419255647
-0.5040545337577207
-0.6783611174411037
-0.7783447228631557
-0.8145250508619686
-0.8410380671967612
-0.8851048674832995
-0.9339446921893932
-0.9234494293141751
-0.8892855540227855
-0.8557564462726648
-0.8228621060638129
-0.79060253339623
-0.7589777282699159
-0.7279876906848707
-0.6976324206410943
-0.6679119181385869
-0.6388261831773483
-0.6103752157573785
-0.5825590158786778
-0.5553775835412458
-0.5288309187450827
-0.5029190214901884
-0.47764189177656313
-0.45299952960420664
-0.42899193497311905
-0.40561910788330025
-0.38288104833475045
-0.36077775632746945
-0.33930923186145745
-0.31847547493671413
-0.2982764855532397
-0.2787122637110342
-0.2597828094100977
-0.24148812265042996
-0.22382820343203114
-0.2068030517549011
-0.19041266761903997
-0.17465705102444773
-0.1595362019711244
-0.14505012045906995
-0.1311988064882843
-0.11798226005876755
-0.10072615868807949
-0.0905346727756428
-0.08102251520291208
-0.07217316046768077
-0.06396871041607573
-0.0563899532168161
-0.04941642222418794
-0.043026502362811636
-0.037197599861914114
-0.03190647209017061
-0.0271294249802378
-0.022842476735060527
-0.01902147408145089
-0.015642166441787765
-0.012680251775369356
-0.01011140666296092
-0.007911308731528056
-0.006055655841982383
-0.004520184907795806
-0.003280692901642975
-0.0023130628375068515
-0.0015932966529639545
-0.001097555826953389
-0.000802208706371416
-0.0006838824117914803
-0.0007195169306865076
-0.000886419691764976
-0.0011623200809189164
-0.0015254247345771587
-0.00195447542395321
-0.0024288114453977715
-0.002928438207411626
-0.003434102249006146
-0.003927371442323355
-0.004390717822884135
-0.004720017727416587
-0.005031171977052393
-0.0053174022666734495
-0.005572939008748931
-0.005792998401191816
-0.005973750683842621
-0.0061122855812683705
-0.006206579179549429
-0.006255462582394675
-0.006258588490024679
-0.006216389990262043
-0.006130027331008501
-0.006001323188358023
-0.005832691109222441
-0.005627063936862305
-0.005387826843559869
-0.005118755788433377
-0.004823958096938086
-0.004507809535223755
-0.004174882406527639
-0.0038298626766680123
-0.0034774581333095224
-0.0031223039997674697
-0.0027688741250614093
-0.0024214035450986237
-0.0020838253632866253
-0.0017597196035262705
-0.0014522680282803102
-0.0011642067170057498
-0.0008977697026141154
-0.0006546210833344423
-0.00043577799426271186
-0.00024153229659408472
-7.138109029786695e-05
7.602362908011297e-05
0.00020289875797213855
0.00031361360968344356
0.00041015936206685583
0.0004944713256440723
0.0005683522039715476
0.0006333512109157304
0.0006906338767789571
0.0007408917116002044
0.0007843186935310104
0.000820853776699659
0.0008502829284766147
0.0008723402587574069
0.0008867870895124937
0.0008934643821005708
0.0008923236615092109
0.0008834430901701663
0.000867033129652492
0.0008434339279099209
0.0008131058059706635
0.0007766145399122611
0.0007346140855192295
0.0006878292658462496
0.0006370403985055518
0.0005830701489630277
0.0005267715295358568
0.0004690151834934954
0.00041067424359503236
0.0003526058883188641
0.0002956301022834269
0.00024050749719170178
0.00018791874632276677
0.00013844862563648958
9.257670159187871e-05
5.0675344900584674e-05
1.3014142039849452e-05
-2.0231270707997793e-05
-4.896877242738523e-05
-7.318046684782749e-05
-9.291623505925218e-05
-0.00010829061915997249
-0.00011948149011324151
-0.00012672784312849002
-0.0001303242215880766
-0.0001306108308169983
-0.00012796067970595107
-0.00012276668656003924
-0.00011543174937349278
-0.00010636285409592384
-9.596803706819282e-05
-8.46532633040199e-05
-7.28165816476199e-05
-6.08383689183411e-05
-4.906862769549934e-05
-3.781406900671775e-05
-2.7328499951823593e-05
-1.780901344923885e-05
-9.398725661064753e-06
-2.19423065763541e-06
3.7458081045378985e-06
8.394337292017634e-06
1.1754591077223445e-05
1.3864070085173597e-05
1.4801858967464845e-05
