0.0
0.0
0.0
0.0
0.0
0.0
0.0
0.0
0.0
0.0
0.0
0.0
0.0
0.0
0.0
0.0
0.0
0.0
0.0
0.0
0.0
0.0
0.0
0.0
0.0
0.0
0.0
0.0
0.0
0.0
0.0
0.0
0.0
0.0
0.0
0.0
0.0
0.0
0.0
0.0
0.0
0.0
0.0
0.0
0.0
0.0
0.0
0.0
0.0
0.0
0.0
0.0
0.0
0.0
0.0
0.0
0.0
0.0
0.0
0.0
0.0
0.0
0.0
0.0
0.0
0.0
0.0
0.0
0.0
0.0
0.0
0.0
0.0
0.0
0.0
0.0
0.0
0.0
0.0
0.0
0.0
0.0
0.0
0.0
0.0
0.0
0.0
0.0
0.0
0.0
0.0
0.0
0.0
0.0
0.0
0.0
0.0
0.0
0.0
0.0
0.0
0.0
0.0
0.0
0.0
0.0
0.0
0.0
0.0
0.0
0.0
0.0
0.0
0.0
0.0
0.0
0.0
0.0
0.0
0.0
-0.0096488544754747
-0.02435804208911918
-0.047097883402317464
-0.09387119631819996
-0.1879946347038981
-0.3408179410789849
-0.5260082586162618
-0.6842733478146155
-0.7739491683450268
-0.8093731023389434
-0.8325198442786279
-0.8644799505377803
-0.8990445144019565
-0.9077103663106582
-0.8736616205969434
-0.8402529238425102
-0.8074842760473584
-0.775355677211488
-0.7438671273348991
-0.7130186264175918
-0.6828101744595658
-0.6532417714608214
-0.6243134174213585
-0.596025112341177
-0.5683768562202769
-0.5413686490586584
-0.5150004908563213
-0.4892723816132657
-0.4641843213294915
-0.4397363100049989
-0.41592834763978764
-0.392760434233858
-0.37023256978720964
-0.3483447542998429
-0.32709698777175755
-0.3064892702029537
-0.2865216015934313
-0.26719398194319044
-0.24850641125223094
-0.23045888952055305
-0.21305141674815653
-0.1962839929350415
-0.18015661808120798
-0.16466929218665582
-0.14982201525138528
-0.1356147872753961
-0.12204760825868843
-0.10912047820126225
-0.0923909507831442
-0.08258203966842659
-0.07345449573469046
-0.06499128213037406
-0.05717412722556919
-0.049983606033499994
-0.043399193949047454
-0.0373993336019156
-0.031961532675889165
-0.0270624930172024
-0.02267826002442348
-0.018784380557088375
-0.015356058377539334
-0.01236829264715362
-0.009795982885513957
-0.0076139876424418445
-0.005797135795092324
-0.004320205599790561
-0.0031578986060031007
-0.002284838617665639
-0.0016756174755388183
-0.0013048920925999995
-0.0011475169631967861
-0.0011786666961165835
-0.0013739342858035775
-0.0017094194587826811
-0.002161771702016361
-0.00270828073095472
-0.0033270071854469116
-0.003996831358428471
-0.004697501945888183
-0.005409683253960333
-0.006114998047887926
-0.00679606344699146
-0.007436489852724419
-0.00792710234975072
-0.008395101425793942
-0.008835606867741954
-0.00924442020661646
-0.009617982087036812
-0.009953345136425526
-0.010248150402493444
-0.010500594533839136
-0.010709380482178215
-0.01087365540609467
-0.010992948700485651
-0.011067127542960273
-0.01109638444759591
-0.011081260898056734
-0.011022697366070781
-0.010922088317986831
-0.010781317020794344
-0.010602765241658235
-0.010389307132897324
-0.010144209675551533
-0.009871009187383135
-0.00957339328953706
-0.00925511091167367
-0.008919966705732146
-0.008571789950441026
-0.008214306859894605
-0.007851079977623666
-0.007485448096992224
-0.007120466981210636
-0.006758851162683123
-0.0064029171078364856
-0.006054528040004796
-0.005715040719373405
-0.005385254485413647
-0.0050653628736682214
-0.004754908125175205
-0.00445144950750427
-0.0041549161593435815
-0.0038652603880862993
-0.0035824598129097322
-0.0033065265194969656
-0.003037558501265089
-0.002775794061778791
-0.0025216466709114377
-0.002275708369323871
-0.00203871967523432
-0.0018115065252421315
-0.0015948885534406195
-0.0013895741449185504
-0.001196068149363899
-0.0010146213895656244
-0.0008452420698334406
-0.0006877690840893814
-0.0005419859406683735
-0.0004077384437301764
-0.00028501768579068036
-0.0001739838373410729
-7.493174350351803e-05
1.1722357991442846e-05
8.543658546414408e-05
0.00014559778494973474
0.0001915204201140066
0.0002225221843442056
0.00023807696532108887
0.00023785090467295277
0.00022173109228099455
0.0001898541878781251
0.0001426411650198083
8.08393156808237e-05
5.46507146643895e-06
-8.22973866004084e-05
-0.00018112901726357615
-0.00028960977558979884
-0.00040624786424247754
-0.0005295015158394418
-0.0006577944886946997
-0.0007895297787021812
-0.0009231081813281162
-0.0010569571169213507
-0.001189570230758457
-0.001319552733146861
-0.001445663086629601
-0.0015668405301073292
-0.0016822112150765359
-0.0017910722742726971
-0.0018928605864982583
-0.001987117941956163
-0.002073448501656268
-0.002151455119968065
-0.0022207475376887355
-0.0022809778264398207
-0.002331887585831359
-0.002373348567315027
-0.0024053267349522242
-0.0024278387663338222
-0.0024409786032209336
-0.0024449143338154495
