0.0
0.0
0.0
0.0
0.0
0.0
0.0
0.0
0.0
0.0
0.0
0.0
0.0
0.0
0.0
0.0
0.0
0.0
0.0
0.0
0.0
0.0
0.0
0.0
0.0
0.0
0.0
0.0
0.0
0.0
0.0
0.0
0.0
0.0
0.0
0.0
0.0
0.0
0.0
0.0
0.0
0.0
0.0
0.0
0.0
0.0
0.0
0.0
0.0
0.0
0.0
0.0
0.0
0.0
0.0
0.0
0.0
0.0
0.0
0.0
0.0
0.0
0.0
0.0
0.0
0.0
0.0
0.0
0.0
0.0
0.0
0.0
0.0
0.0
0.0
0.0
0.0
0.0
0.0
0.0
0.0
0.0
0.0
0.0
0.0
0.0
0.0
0.0
0.0
0.0
0.0
0.0
0.0
0.0
0.0
0.0
0.0
0.0
0.0
0.0
0.0
0.0
0.0
0.0
0.0
0.0
0.0
0.0
0.0
0.0
0.0
0.0
0.0
0.0
0.0
0.0
0.0
0.0
0.0
0.0
0.0
0.0
-0.012713484132339303
-0.050984956320550445
-0.11851115151866765
-0.23046305014720225
-0.38682129742458926
-0.5571594941264006
-0.6935615697858486
-0.7704870992736979
-0.8037980360563752
-0.8241857182709351
-0.8459162901385833
-0.8654430854664499
-0.8652773597577401
-0.8347331924894081
-0.804735157568424
-0.7752832549947876
-0.7463774847684991
-0.7180178468895583
-0.6902043413579654
-0.6629369681737203
-0.636215727336823
-0.6100406188472735
-0.5844116427050717
-0.5593287989102178
-0.5347920874627118
-0.5108015083625534
-0.48735706160974307
-0.46445874720428043
-0.44210656514616564
-0.4203005154353986
-0.3990405980719794
-0.37832681305590804
-0.35815916038718454
-0.33853764006580866
-0.3194622520917807
-0.30093299646510063
-0.28294987318576825
-0.2655128822537838
-0.24862202366914699
-0.2322772974318581
-0.216478703541917
-0.2012262419993237
-0.1865199128040783
-0.1723597159561806
-0.1587456514556307
-0.14567771930242868
-0.13315591949657457
-0.1164604547255297
-0.10641168063831921
-0.09694230440429237
-0.0880401697122199
-0.07969219135986393
-0.07188436386740117
-0.06460176866400157
-0.057828600621610014
-0.05154822942501355
-0.045743303662418355
-0.040395891092632835
-0.03548763091207456
-0.030999907996438033
-0.02691391166564555
-0.02321065676176792
-0.01987099520245101
-0.016875635078517862
-0.014205175324634032
-0.011840154370395166
-0.009761105154774949
-0.007948608125542683
-0.006383336267177178
-0.005046090927024821
-0.003917832157324026
-0.0029797099318577473
-0.0022131025452432327
-0.001599665379326333
-0.0011213889766697013
-0.0007606616295664297
-0.0005003301861690898
-0.0003237547976845702
-0.00021485657648706116
-0.0001581601893282393
-0.00013883448811042212
-0.0001427329324662725
-6.148360984616657e-05
-8.452399394280104e-06
2.2117575336488542e-05
3.535343643227889e-05
3.579209146083911e-05
2.7414363456584266e-05
1.3673663036486086e-05
-2.476300453231908e-06
-1.854908498197516e-05
-3.2485481781166446e-05
-4.260865688310282e-05
-4.758225414501916e-05
-4.638032467672064e-05
-3.827443712630969e-05
-2.283656337419451e-05
5.203048049210001e-08
3.019962085383812e-05
6.712185241743756e-05
0.00011008090516670796
0.00015813698236362964
0.00021019629635008348
0.00026504089636409495
0.0003213359805063421
0.0003776241111388893
0.0004323261515051181
0.00048377787779128715
0.0005304015704244865
0.0005707496668350896
0.0006035476735066662
0.0006277361216081983
0.0006425113454634179
0.0006474111262110954
0.0006423227678856015
0.0006274844358584635
0.0006035072640253436
0.000573757106934878
0.0005391841152477013
0.0005007786075122647
0.0004596347860834763
0.00041693781686857634
0.0003739001526888927
0.0003316657789230086
0.000291206983578031
0.00025324185244243275
0.00021819948745754642
0.00018624602837919555
0.00015735904472020983
0.00013148958063100277
0.0001085983333925086
8.86516534270973e-05
7.160218363055665e-05
5.7369917136477954e-05
4.583410206935541e-05
3.683817864120293e-05
3.020307914102579e-05
2.5741446543829203e-05
2.3265677566129084e-05
2.2586135338553905e-05
2.3500837147477653e-05
2.5781754742707313e-05
2.9164591193436352e-05
3.334733488159407e-05
3.7999305260467884e-05
4.277819549663256e-05
4.734974395612353e-05
5.1405187737789534e-05
5.467397754285229e-05
5.6932200889527035e-05
5.800878092774056e-05
5.779075818538121e-05
5.6226940441814376e-05
5.332837213301175e-05
4.91645996253476e-05
4.385646019766236e-05
3.7567772850982106e-05
3.0498135220905282e-05
2.2877580578054475e-05
1.4961345778008683e-05
7.021698349634641e-06
-6.655193222169674e-07
-7.839291089061654e-06
-1.42732769114328e-05
-1.979185241825836e-05
-2.4277614362223016e-05
-2.766839941190613e-05
-2.9946518041958087e-05
-3.112638853807014e-05
-3.1247371069043345e-05
-3.0375403754214242e-05
-2.86112377682331e-05
-2.60981248909299e-05
-2.3020179611055856e-05
-1.9586119628176917e-05
-1.5999917673899798e-05
-1.2426900135483872e-05
-8.971984082273387e-06
